10
0 66 77 0 58 0 78 0 0 0 
66 0 0 0 0 72 0 61 0 0 
77 0 0 0 0 66 58 0 0 42 
0 0 0 0 72 0 0 13 32 25 
58 0 0 72 0 0 0 0 94 35 
0 72 66 0 0 0 23 0 62 0 
78 0 58 0 0 23 0 0 0 0 
0 61 0 13 0 0 0 0 94 0 
0 0 0 32 94 62 0 94 0 0 
0 0 42 25 35 0 0 0 0 0 

10
0 0 0 0 0 74 40 34 8 0 
0 0 0 0 65 0 83 83 0 0 
0 0 0 97 0 0 0 54 0 0 
0 0 97 0 88 0 0 0 44 0 
0 65 0 88 0 0 0 0 77 0 
74 0 0 0 0 0 32 0 0 36 
40 83 0 0 0 32 0 0 0 0 
34 83 54 0 0 0 0 0 0 33 
8 0 0 44 77 0 0 0 0 7 
0 0 0 0 0 36 0 33 7 0 

10
0 0 0 10 2 50 0 0 0 93 
0 0 45 0 95 0 0 2 0 0 
0 45 0 0 68 0 92 0 4 0 
10 0 0 0 0 0 0 88 91 0 
2 95 68 0 0 0 0 0 0 30 
50 0 0 0 0 0 0 0 0 74 
0 0 92 0 0 0 0 61 0 0 
0 2 0 88 0 0 61 0 99 0 
0 0 4 91 0 0 0 99 0 0 
93 0 0 0 30 74 0 0 0 0 

10
0 99 0 0 0 25 0 0 0 57 
99 0 0 0 0 41 0 0 0 23 
0 0 0 0 79 0 68 5 14 0 
0 0 0 0 0 0 0 66 79 0 
0 0 79 0 0 0 0 15 62 0 
25 41 0 0 0 0 0 0 0 57 
0 0 68 0 0 0 0 0 0 97 
0 0 5 66 15 0 0 0 67 0 
0 0 14 79 62 0 0 67 0 0 
57 23 0 0 0 57 97 0 0 0 

10
0 0 0 8 90 64 84 0 0 0 
0 0 0 0 0 0 0 60 0 97 
0 0 0 13 0 0 22 0 91 0 
8 0 13 0 64 0 0 0 0 0 
90 0 0 64 0 0 0 0 0 17 
64 0 0 0 0 0 88 7 0 0 
84 0 22 0 0 88 0 0 0 0 
0 60 0 0 0 7 0 0 0 15 
0 0 91 0 0 0 0 0 0 62 
0 97 0 0 17 0 0 15 62 0 

10
0 23 0 0 97 0 0 22 15 0 
23 0 0 0 0 0 18 31 0 0 
0 0 0 7 0 0 45 49 0 0 
0 0 7 0 0 44 39 0 45 0 
97 0 0 0 0 2 0 0 23 0 
0 0 0 44 2 0 0 0 22 92 
0 18 45 39 0 0 0 0 0 0 
22 31 49 0 0 0 0 0 0 13 
15 0 0 45 23 22 0 0 0 0 
0 0 0 0 0 92 0 13 0 0 

10
0 83 1 0 0 22 0 0 0 13 
83 0 21 89 0 0 0 5 0 0 
1 21 0 0 82 0 71 0 0 0 
0 89 0 0 0 0 43 39 90 0 
0 0 82 0 0 12 0 0 70 12 
22 0 0 0 12 0 77 64 0 0 
0 0 71 43 0 77 0 0 0 36 
0 5 0 39 0 64 0 0 67 0 
0 0 0 90 70 0 0 67 0 53 
13 0 0 0 12 0 36 0 53 0 

10
0 0 0 44 0 57 68 0 90 0 
0 0 98 0 34 0 0 0 0 0 
0 98 0 0 60 0 0 66 0 0 
44 0 0 0 0 0 99 0 0 65 
0 34 60 0 0 0 17 0 0 0 
57 0 0 0 0 0 0 0 1 0 
68 0 0 99 17 0 0 0 0 0 
0 0 66 0 0 0 0 0 36 77 
90 0 0 0 0 1 0 36 0 51 
0 0 0 65 0 0 0 77 51 0 

10
0 95 0 0 23 0 0 9 0 41 
95 0 63 0 79 0 0 90 0 0 
0 63 0 0 0 74 0 0 12 0 
0 0 0 0 0 0 58 32 0 78 
23 79 0 0 0 38 23 0 0 0 
0 0 74 0 38 0 0 0 9 89 
0 0 0 58 23 0 0 0 44 59 
9 90 0 32 0 0 0 0 30 0 
0 0 12 0 0 9 44 30 0 0 
41 0 0 78 0 89 59 0 0 0 

10
0 0 98 0 0 54 35 0 0 0 
0 0 0 24 0 0 0 49 0 70 
98 0 0 0 0 0 0 0 85 0 
0 24 0 0 0 32 0 0 0 5 
0 0 0 0 0 0 73 0 39 0 
54 0 0 32 0 0 0 50 34 0 
35 0 0 0 73 0 0 76 0 76 
0 49 0 0 0 50 76 0 0 0 
0 0 85 0 39 34 0 0 0 51 
0 70 0 5 0 0 76 0 51 0 

10
0 0 0 31 0 0 0 0 13 94 
0 0 92 0 0 97 38 0 0 0 
0 92 0 10 96 0 0 0 0 0 
31 0 10 0 0 0 40 0 76 0 
0 0 96 0 0 14 0 52 0 0 
0 97 0 0 14 0 0 67 0 0 
0 38 0 40 0 0 0 0 0 40 
0 0 0 0 52 67 0 0 78 50 
13 0 0 76 0 0 0 78 0 5 
94 0 0 0 0 0 40 50 5 0 

10
0 0 90 56 0 0 13 0 0 0 
0 0 0 0 61 67 0 0 92 73 
90 0 0 20 0 92 14 0 0 0 
56 0 20 0 0 0 93 0 0 5 
0 61 0 0 0 0 0 0 27 90 
0 67 92 0 0 0 0 31 80 0 
13 0 14 93 0 0 0 0 0 0 
0 0 0 0 0 31 0 0 0 80 
0 92 0 0 27 80 0 0 0 0 
0 73 0 5 90 0 0 80 0 0 

10
0 0 0 42 81 0 73 0 0 0 
0 0 0 0 0 0 35 1 0 0 
0 0 0 89 0 0 0 0 50 28 
42 0 89 0 0 52 78 0 0 0 
81 0 0 0 0 0 0 0 82 35 
0 0 0 52 0 0 0 0 47 59 
73 35 0 78 0 0 0 36 0 0 
0 1 0 0 0 0 36 0 0 64 
0 0 50 0 82 47 0 0 0 0 
0 0 28 0 35 59 0 64 0 0 

10
0 0 0 0 0 0 15 0 4 30 
0 0 0 23 43 0 0 0 48 0 
0 0 0 20 0 0 89 0 0 72 
0 23 20 0 5 0 0 0 0 0 
0 43 0 5 0 0 0 0 19 21 
0 0 0 0 0 0 42 92 0 92 
15 0 89 0 0 42 0 0 0 0 
0 0 0 0 0 92 0 0 0 0 
4 48 0 0 19 0 0 0 0 0 
30 0 72 0 21 92 0 0 0 0 

10
0 0 15 29 0 0 0 0 46 0 
0 0 0 0 56 0 71 0 0 57 
15 0 0 0 0 87 0 0 0 0 
29 0 0 0 2 0 0 0 0 30 
0 56 0 2 0 0 0 23 0 0 
0 0 87 0 0 0 41 20 0 0 
0 71 0 0 0 41 0 0 37 0 
0 0 0 0 23 20 0 0 13 0 
46 0 0 0 0 0 37 13 0 0 
0 57 0 30 0 0 0 0 0 0 

10
0 0 0 48 18 0 98 0 0 0 
0 0 64 45 0 0 0 63 0 5 
0 64 0 0 0 0 66 0 0 43 
48 45 0 0 0 64 0 0 22 0 
18 0 0 0 0 0 0 83 0 82 
0 0 0 64 0 0 18 21 20 0 
98 0 66 0 0 18 0 0 0 24 
0 63 0 0 83 21 0 0 0 0 
0 0 0 22 0 20 0 0 0 0 
0 5 43 0 82 0 24 0 0 0 

10
0 0 0 0 0 0 76 45 0 0 
0 0 0 0 0 52 0 0 0 11 
0 0 0 59 0 0 0 0 79 51 
0 0 59 0 0 0 0 0 7 0 
0 0 0 0 0 88 0 42 0 0 
0 52 0 0 88 0 63 0 0 0 
76 0 0 0 0 63 0 40 84 0 
45 0 0 0 42 0 40 0 0 72 
0 0 79 7 0 0 84 0 0 30 
0 11 51 0 0 0 0 72 30 0 

10
0 73 0 0 0 0 0 27 0 0 
73 0 76 35 0 0 70 0 0 0 
0 76 0 0 54 0 0 94 0 7 
0 35 0 0 0 63 0 0 15 0 
0 0 54 0 0 0 0 88 23 6 
0 0 0 63 0 0 0 0 74 6 
0 70 0 0 0 0 0 69 0 0 
27 0 94 0 88 0 69 0 0 0 
0 0 0 15 23 74 0 0 0 0 
0 0 7 0 6 6 0 0 0 0 

10
0 0 0 57 0 92 0 22 0 86 
0 0 68 0 87 40 0 0 0 0 
0 68 0 0 0 0 12 0 41 0 
57 0 0 0 27 0 79 0 0 0 
0 87 0 27 0 0 0 0 0 0 
92 40 0 0 0 0 55 0 0 32 
0 0 12 79 0 55 0 59 0 0 
22 0 0 0 0 0 59 0 0 53 
0 0 41 0 0 0 0 0 0 73 
86 0 0 0 0 32 0 53 73 0 

10
0 48 0 0 0 0 57 0 0 27 
48 0 0 0 0 49 0 0 24 0 
0 0 0 0 17 0 11 0 0 18 
0 0 0 0 66 0 75 0 55 0 
0 0 17 66 0 17 0 0 0 4 
0 49 0 0 17 0 0 3 0 0 
57 0 11 75 0 0 0 0 25 0 
0 0 0 0 0 3 0 0 55 0 
0 24 0 55 0 0 25 55 0 0 
27 0 18 0 4 0 0 0 0 0 

10
0 87 26 0 0 0 94 0 0 15 
87 0 0 78 0 39 0 0 0 77 
26 0 0 55 76 0 0 0 73 0 
0 78 55 0 13 0 0 17 0 0 
0 0 76 13 0 0 41 0 0 0 
0 39 0 0 0 0 54 0 80 63 
94 0 0 0 41 54 0 7 0 0 
0 0 0 17 0 0 7 0 18 0 
0 0 73 0 0 80 0 18 0 7 
15 77 0 0 0 63 0 0 7 0 

10
0 0 0 0 47 0 3 39 0 0 
0 0 0 0 0 63 0 0 89 0 
0 0 0 0 0 0 0 0 0 97 
0 0 0 0 38 0 0 80 95 0 
47 0 0 38 0 0 0 0 0 35 
0 63 0 0 0 0 15 99 100 0 
3 0 0 0 0 15 0 0 0 0 
39 0 0 80 0 99 0 0 0 46 
0 89 0 95 0 100 0 0 0 0 
0 0 97 0 35 0 0 46 0 0 

10
0 84 84 0 0 82 0 0 86 0 
84 0 0 0 0 14 84 0 0 0 
84 0 0 74 83 0 78 0 0 0 
0 0 74 0 0 0 30 0 0 0 
0 0 83 0 0 0 0 6 61 0 
82 14 0 0 0 0 0 41 0 39 
0 84 78 30 0 0 0 0 0 33 
0 0 0 0 6 41 0 0 66 0 
86 0 0 0 61 0 0 66 0 77 
0 0 0 0 0 39 33 0 77 0 

10
0 0 80 0 0 1 68 0 0 0 
0 0 10 78 97 0 0 0 0 0 
80 10 0 0 0 0 0 4 48 0 
0 78 0 0 0 15 41 0 0 0 
0 97 0 0 0 0 45 17 0 0 
1 0 0 15 0 0 8 0 55 0 
68 0 0 41 45 8 0 0 0 0 
0 0 4 0 17 0 0 0 0 35 
0 0 48 0 0 55 0 0 0 91 
0 0 0 0 0 0 0 35 91 0 

10
0 0 85 46 0 0 0 0 75 10 
0 0 0 0 71 73 62 0 0 0 
85 0 0 0 0 6 0 0 75 66 
46 0 0 0 0 95 0 3 0 0 
0 71 0 0 0 0 45 90 73 0 
0 73 6 95 0 0 33 0 0 0 
0 62 0 0 45 33 0 0 0 0 
0 0 0 3 90 0 0 0 8 0 
75 0 75 0 73 0 0 8 0 0 
10 0 66 0 0 0 0 0 0 0 

10
0 32 1 0 32 0 0 0 0 0 
32 0 0 68 67 0 0 0 0 0 
1 0 0 0 0 0 36 17 56 0 
0 68 0 0 0 0 69 31 0 0 
32 67 0 0 0 23 0 0 0 47 
0 0 0 0 23 0 0 98 95 63 
0 0 36 69 0 0 0 60 0 0 
0 0 17 31 0 98 60 0 0 0 
0 0 56 0 0 95 0 0 0 54 
0 0 0 0 47 63 0 0 54 0 

10
0 0 0 75 0 93 69 0 0 79 
0 0 0 0 72 20 0 0 81 8 
0 0 0 28 0 23 0 0 0 18 
75 0 28 0 0 0 0 0 57 7 
0 72 0 0 0 0 71 87 54 0 
93 20 23 0 0 0 0 0 0 0 
69 0 0 0 71 0 0 0 0 0 
0 0 0 0 87 0 0 0 0 0 
0 81 0 57 54 0 0 0 0 0 
79 8 18 7 0 0 0 0 0 0 

10
0 0 0 16 0 0 54 0 0 0 
0 0 0 0 0 88 0 0 0 87 
0 0 0 41 56 0 0 94 0 0 
16 0 41 0 0 43 0 35 0 0 
0 0 56 0 0 0 0 23 0 0 
0 88 0 43 0 0 75 0 0 30 
54 0 0 0 0 75 0 0 0 67 
0 0 94 35 23 0 0 0 0 0 
0 0 0 0 0 0 0 0 0 41 
0 87 0 0 0 30 67 0 41 0 

10
0 0 0 93 0 0 0 0 26 0 
0 0 96 18 69 0 0 83 0 0 
0 96 0 0 0 0 73 0 71 82 
93 18 0 0 32 9 0 0 0 0 
0 69 0 32 0 28 0 81 0 0 
0 0 0 9 28 0 79 0 0 0 
0 0 73 0 0 79 0 0 15 38 
0 83 0 0 81 0 0 0 96 3 
26 0 71 0 0 0 15 96 0 0 
0 0 82 0 0 0 38 3 0 0 

10
0 0 3 0 26 0 0 0 0 38 
0 0 70 96 0 0 75 0 0 56 
3 70 0 0 68 0 0 0 98 0 
0 96 0 0 74 67 57 0 0 0 
26 0 68 74 0 0 0 43 0 0 
0 0 0 67 0 0 82 22 80 0 
0 75 0 57 0 82 0 54 0 0 
0 0 0 0 43 22 54 0 0 27 
0 0 98 0 0 80 0 0 0 7 
38 56 0 0 0 0 0 27 7 0 

10
0 75 0 0 0 5 0 6 0 93 
75 0 0 0 61 0 20 0 95 0 
0 0 0 10 78 0 0 0 36 0 
0 0 10 0 0 47 0 64 11 0 
0 61 78 0 0 0 6 0 0 0 
5 0 0 47 0 0 0 90 0 0 
0 20 0 0 6 0 0 0 0 69 
6 0 0 64 0 90 0 0 0 0 
0 95 36 11 0 0 0 0 0 0 
93 0 0 0 0 0 69 0 0 0 

10
0 0 43 0 0 39 0 0 0 52 
0 0 76 25 90 0 0 0 0 0 
43 76 0 0 0 52 0 0 0 0 
0 25 0 0 0 0 11 0 0 69 
0 90 0 0 0 29 0 66 0 0 
39 0 52 0 29 0 0 0 90 0 
0 0 0 11 0 0 0 94 0 0 
0 0 0 0 66 0 94 0 91 80 
0 0 0 0 0 90 0 91 0 75 
52 0 0 69 0 0 0 80 75 0 

10
0 0 0 0 50 56 0 0 0 92 
0 0 0 0 43 0 0 0 96 93 
0 0 0 79 39 0 0 0 0 0 
0 0 79 0 0 0 0 0 49 49 
50 43 39 0 0 0 0 0 0 62 
56 0 0 0 0 0 14 30 49 0 
0 0 0 0 0 14 0 35 0 0 
0 0 0 0 0 30 35 0 0 0 
0 96 0 49 0 49 0 0 0 0 
92 93 0 49 62 0 0 0 0 0 

10
0 0 0 50 27 0 58 0 0 0 
0 0 81 0 0 0 44 12 0 0 
0 81 0 0 89 88 0 0 0 0 
50 0 0 0 0 54 0 0 0 46 
27 0 89 0 0 0 0 0 55 0 
0 0 88 54 0 0 0 0 0 0 
58 44 0 0 0 0 0 51 1 0 
0 12 0 0 0 0 51 0 30 61 
0 0 0 0 55 0 1 30 0 51 
0 0 0 46 0 0 0 61 51 0 

10
0 0 0 68 0 12 0 59 0 92 
0 0 33 0 0 0 53 0 0 0 
0 33 0 71 0 0 0 0 12 0 
68 0 71 0 0 39 0 0 0 19 
0 0 0 0 0 0 98 96 0 64 
12 0 0 39 0 0 38 0 83 0 
0 53 0 0 98 38 0 0 0 0 
59 0 0 0 96 0 0 0 55 0 
0 0 12 0 0 83 0 55 0 0 
92 0 0 19 64 0 0 0 0 0 

10
0 0 72 0 35 0 90 0 0 100 
0 0 0 39 0 0 3 10 0 9 
72 0 0 89 0 0 84 0 8 0 
0 39 89 0 0 0 0 0 34 0 
35 0 0 0 0 0 0 0 0 13 
0 0 0 0 0 0 0 73 47 74 
90 3 84 0 0 0 0 98 0 0 
0 10 0 0 0 73 98 0 49 0 
0 0 8 34 0 47 0 49 0 0 
100 9 0 0 13 74 0 0 0 0 

10
0 0 0 32 0 76 91 0 0 0 
0 0 46 6 0 0 0 0 36 67 
0 46 0 0 85 0 0 32 9 0 
32 6 0 0 0 0 0 94 0 57 
0 0 85 0 0 97 81 0 0 68 
76 0 0 0 97 0 20 0 0 50 
91 0 0 0 81 20 0 0 20 0 
0 0 32 94 0 0 0 0 41 0 
0 36 9 0 0 0 20 41 0 0 
0 67 0 57 68 50 0 0 0 0 

10
0 25 30 0 0 0 0 0 81 98 
25 0 45 0 0 0 0 0 26 0 
30 45 0 0 0 0 0 0 0 80 
0 0 0 0 39 0 0 0 55 0 
0 0 0 39 0 0 34 0 0 0 
0 0 0 0 0 0 77 7 0 0 
0 0 0 0 34 77 0 0 0 37 
0 0 0 0 0 7 0 0 25 99 
81 26 0 55 0 0 0 25 0 0 
98 0 80 0 0 0 37 99 0 0 

10
0 0 10 15 0 0 0 0 42 0 
0 0 0 49 8 98 0 0 0 0 
10 0 0 0 0 0 79 0 0 0 
15 49 0 0 0 0 0 0 0 78 
0 8 0 0 0 12 56 0 0 0 
0 98 0 0 12 0 0 0 77 0 
0 0 79 0 56 0 0 0 99 0 
0 0 0 0 0 0 0 0 74 0 
42 0 0 0 0 77 99 74 0 0 
0 0 0 78 0 0 0 0 0 0 

10
0 0 33 0 0 0 0 0 1 0 
0 0 0 52 43 0 0 0 0 0 
33 0 0 0 57 0 0 0 0 6 
0 52 0 0 0 54 0 52 0 0 
0 43 57 0 0 14 0 0 0 0 
0 0 0 54 14 0 96 0 0 0 
0 0 0 0 0 96 0 0 0 30 
0 0 0 52 0 0 0 0 16 0 
1 0 0 0 0 0 0 16 0 65 
0 0 6 0 0 0 30 0 65 0 

10
0 0 18 0 0 88 0 69 0 0 
0 0 0 82 57 0 0 91 0 0 
18 0 0 0 76 0 12 0 0 61 
0 82 0 0 0 97 0 0 95 0 
0 57 76 0 0 0 47 0 0 84 
88 0 0 97 0 0 0 8 0 22 
0 0 12 0 47 0 0 70 13 0 
69 91 0 0 0 8 70 0 0 0 
0 0 0 95 0 0 13 0 0 20 
0 0 61 0 84 22 0 0 20 0 

10
0 0 58 69 86 0 0 0 0 0 
0 0 0 0 0 100 28 16 26 0 
58 0 0 0 3 0 0 18 0 0 
69 0 0 0 2 0 35 0 0 74 
86 0 3 2 0 98 0 0 0 0 
0 100 0 0 98 0 0 0 79 74 
0 28 0 35 0 0 0 56 0 0 
0 16 18 0 0 0 56 0 0 36 
0 26 0 0 0 79 0 0 0 55 
0 0 0 74 0 74 0 36 55 0 

10
0 52 0 61 0 0 78 0 36 0 
52 0 0 77 0 0 0 0 79 49 
0 0 0 73 10 0 15 0 0 0 
61 77 73 0 77 0 0 0 0 0 
0 0 10 77 0 0 0 21 0 0 
0 0 0 0 0 0 62 66 7 0 
78 0 15 0 0 62 0 0 0 0 
0 0 0 0 21 66 0 0 0 68 
36 79 0 0 0 7 0 0 0 39 
0 49 0 0 0 0 0 68 39 0 

10
0 0 74 89 38 0 36 0 0 0 
0 0 24 0 0 0 0 67 39 45 
74 24 0 94 0 0 0 53 0 0 
89 0 94 0 38 0 90 0 0 0 
38 0 0 38 0 87 0 0 0 0 
0 0 0 0 87 0 0 58 1 21 
36 0 0 90 0 0 0 0 12 0 
0 67 53 0 0 58 0 0 0 60 
0 39 0 0 0 1 12 0 0 31 
0 45 0 0 0 21 0 60 31 0 

10
0 0 0 60 0 0 18 0 81 68 
0 0 39 0 0 0 0 29 0 0 
0 39 0 35 6 0 0 0 0 0 
60 0 35 0 0 51 0 0 0 0 
0 0 6 0 0 5 0 0 0 52 
0 0 0 51 5 0 14 91 0 0 
18 0 0 0 0 14 0 0 0 0 
0 29 0 0 0 91 0 0 0 78 
81 0 0 0 0 0 0 0 0 0 
68 0 0 0 52 0 0 78 0 0 

10
0 0 0 0 0 0 19 46 0 15 
0 0 71 55 0 0 32 0 32 0 
0 71 0 0 89 21 0 40 0 0 
0 55 0 0 0 0 0 96 42 0 
0 0 89 0 0 61 0 0 0 32 
0 0 21 0 61 0 87 0 55 0 
19 32 0 0 0 87 0 0 0 0 
46 0 40 96 0 0 0 0 0 0 
0 32 0 42 0 55 0 0 0 24 
15 0 0 0 32 0 0 0 24 0 

10
0 0 0 0 62 0 0 0 0 91 
0 0 37 0 95 0 55 0 91 0 
0 37 0 0 0 65 0 20 0 0 
0 0 0 0 29 14 0 0 0 61 
62 95 0 29 0 0 0 0 0 0 
0 0 65 14 0 0 3 0 37 0 
0 55 0 0 0 3 0 14 0 0 
0 0 20 0 0 0 14 0 31 62 
0 91 0 0 0 37 0 31 0 66 
91 0 0 61 0 0 0 62 66 0 

10
0 80 73 26 0 0 0 0 36 0 
80 0 43 0 0 28 49 0 0 0 
73 43 0 0 0 0 0 48 0 44 
26 0 0 0 51 0 79 0 0 90 
0 0 0 51 0 21 5 0 78 0 
0 28 0 0 21 0 0 90 0 90 
0 49 0 79 5 0 0 50 0 0 
0 0 48 0 0 90 50 0 0 0 
36 0 0 0 78 0 0 0 0 85 
0 0 44 90 0 90 0 0 85 0 

10
0 83 62 88 76 0 0 0 0 0 
83 0 0 0 0 0 0 0 17 0 
62 0 0 0 0 13 0 59 0 47 
88 0 0 0 0 0 32 26 70 0 
76 0 0 0 0 0 8 0 63 0 
0 0 13 0 0 0 0 5 0 62 
0 0 0 32 8 0 0 49 39 0 
0 0 59 26 0 5 49 0 0 0 
0 17 0 70 63 0 39 0 0 0 
0 0 47 0 0 62 0 0 0 0 

10
0 0 0 0 0 57 17 8 69 0 
0 0 0 0 20 0 0 0 0 90 
0 0 0 65 0 0 0 16 0 56 
0 0 65 0 0 0 6 0 44 0 
0 20 0 0 0 72 0 0 46 33 
57 0 0 0 72 0 0 0 92 57 
17 0 0 6 0 0 0 7 0 0 
8 0 16 0 0 0 7 0 0 0 
69 0 0 44 46 92 0 0 0 0 
0 90 56 0 33 57 0 0 0 0 

10
0 0 0 0 0 79 3 0 0 84 
0 0 0 0 0 15 0 0 39 70 
0 0 0 0 31 0 0 0 0 0 
0 0 0 0 0 0 44 5 0 0 
0 0 31 0 0 0 0 2 0 98 
79 15 0 0 0 0 0 91 0 0 
3 0 0 44 0 0 0 0 27 69 
0 0 0 5 2 91 0 0 0 0 
0 39 0 0 0 0 27 0 0 0 
84 70 0 0 98 0 69 0 0 0 

10
0 0 0 0 0 58 0 0 65 9 
0 0 99 0 85 0 59 0 0 0 
0 99 0 1 0 0 0 90 0 9 
0 0 1 0 92 0 65 0 0 0 
0 85 0 92 0 8 0 66 0 0 
58 0 0 0 8 0 0 0 22 0 
0 59 0 65 0 0 0 85 0 33 
0 0 90 0 66 0 85 0 0 0 
65 0 0 0 0 22 0 0 0 79 
9 0 9 0 0 0 33 0 79 0 

10
0 85 0 0 99 0 0 0 0 82 
85 0 0 0 0 94 0 31 0 0 
0 0 0 0 25 50 25 0 0 0 
0 0 0 0 0 0 0 42 95 95 
99 0 25 0 0 0 0 89 0 0 
0 94 50 0 0 0 17 0 0 0 
0 0 25 0 0 17 0 0 61 27 
0 31 0 42 89 0 0 0 14 0 
0 0 0 95 0 0 61 14 0 66 
82 0 0 95 0 0 27 0 66 0 

10
0 0 0 0 0 91 0 62 0 0 
0 0 15 0 0 80 0 0 0 0 
0 15 0 38 0 0 48 0 10 0 
0 0 38 0 33 0 0 0 87 0 
0 0 0 33 0 0 51 0 94 0 
91 80 0 0 0 0 0 0 0 0 
0 0 48 0 51 0 0 10 0 0 
62 0 0 0 0 0 10 0 0 14 
0 0 10 87 94 0 0 0 0 0 
0 0 0 0 0 0 0 14 0 0 

10
0 99 0 60 0 0 0 52 0 0 
99 0 0 80 35 0 0 0 0 0 
0 0 0 0 0 85 0 0 56 0 
60 80 0 0 0 0 0 0 52 0 
0 35 0 0 0 0 5 0 0 0 
0 0 85 0 0 0 27 0 0 71 
0 0 0 0 5 27 0 0 0 39 
52 0 0 0 0 0 0 0 24 56 
0 0 56 52 0 0 0 24 0 0 
0 0 0 0 0 71 39 56 0 0 

10
0 0 0 0 37 0 0 0 89 41 
0 0 0 30 0 15 29 0 0 0 
0 0 0 59 0 98 0 93 0 0 
0 30 59 0 0 0 0 0 85 0 
37 0 0 0 0 0 63 87 57 0 
0 15 98 0 0 0 26 29 0 0 
0 29 0 0 63 26 0 0 0 27 
0 0 93 0 87 29 0 0 0 0 
89 0 0 85 57 0 0 0 0 0 
41 0 0 0 0 0 27 0 0 0 

10
0 0 0 0 0 0 0 0 45 40 
0 0 0 41 8 0 0 0 8 0 
0 0 0 0 92 46 0 0 0 63 
0 41 0 0 0 41 0 81 0 16 
0 8 92 0 0 0 0 75 0 0 
0 0 46 41 0 0 36 0 39 0 
0 0 0 0 0 36 0 71 0 44 
0 0 0 81 75 0 71 0 0 0 
45 8 0 0 0 39 0 0 0 0 
40 0 63 16 0 0 44 0 0 0 

10
0 0 0 1 0 12 96 0 67 0 
0 0 0 0 11 0 0 97 0 90 
0 0 0 13 99 0 0 11 0 0 
1 0 13 0 0 0 22 0 0 0 
0 11 99 0 0 22 0 0 0 25 
12 0 0 0 22 0 0 0 83 78 
96 0 0 22 0 0 0 0 76 0 
0 97 11 0 0 0 0 0 0 62 
67 0 0 0 0 83 76 0 0 0 
0 90 0 0 25 78 0 62 0 0 

10
0 0 0 94 23 0 0 0 0 0 
0 0 0 0 7 0 0 0 0 0 
0 0 0 0 84 0 77 23 0 63 
94 0 0 0 0 4 0 39 0 0 
23 7 84 0 0 93 0 0 0 0 
0 0 0 4 93 0 0 0 3 0 
0 0 77 0 0 0 0 28 0 0 
0 0 23 39 0 0 28 0 0 92 
0 0 0 0 0 3 0 0 0 0 
0 0 63 0 0 0 0 92 0 0 

10
0 0 0 5 0 0 0 78 36 0 
0 0 0 0 0 0 39 66 50 90 
0 0 0 50 0 0 0 0 69 0 
5 0 50 0 0 86 0 0 0 0 
0 0 0 0 0 0 0 96 0 95 
0 0 0 86 0 0 10 0 0 84 
0 39 0 0 0 10 0 0 48 0 
78 66 0 0 96 0 0 0 0 51 
36 50 69 0 0 0 48 0 0 0 
0 90 0 0 95 84 0 51 0 0 

10
0 0 0 0 0 0 10 93 38 91 
0 0 30 90 0 0 0 0 71 89 
0 30 0 0 0 79 95 35 0 0 
0 90 0 0 0 59 71 0 0 0 
0 0 0 0 0 33 0 63 0 0 
0 0 79 59 33 0 0 0 0 98 
10 0 95 71 0 0 0 94 0 0 
93 0 35 0 63 0 94 0 0 0 
38 71 0 0 0 0 0 0 0 0 
91 89 0 0 0 98 0 0 0 0 

10
0 0 0 0 0 41 22 0 0 73 
0 0 0 0 19 0 0 84 0 54 
0 0 0 0 0 10 84 93 0 0 
0 0 0 0 38 0 0 0 64 0 
0 19 0 38 0 0 39 0 0 0 
41 0 10 0 0 0 0 50 0 0 
22 0 84 0 39 0 0 0 0 0 
0 84 93 0 0 50 0 0 3 0 
0 0 0 64 0 0 0 3 0 81 
73 54 0 0 0 0 0 0 81 0 

10
0 37 0 0 0 0 96 67 0 0 
37 0 0 0 0 0 59 100 0 3 
0 0 0 34 0 0 0 36 0 0 
0 0 34 0 72 0 0 0 0 0 
0 0 0 72 0 44 0 0 87 13 
0 0 0 0 44 0 0 15 79 0 
96 59 0 0 0 0 0 0 26 0 
67 100 36 0 0 15 0 0 0 0 
0 0 0 0 87 79 26 0 0 0 
0 3 0 0 13 0 0 0 0 0 

10
0 0 85 0 0 61 97 96 0 0 
0 0 0 37 0 0 0 14 73 42 
85 0 0 0 0 22 0 0 0 81 
0 37 0 0 0 0 0 0 55 71 
0 0 0 0 0 4 31 70 0 41 
61 0 22 0 4 0 54 0 0 0 
97 0 0 0 31 54 0 0 93 0 
96 14 0 0 70 0 0 0 65 0 
0 73 0 55 0 0 93 65 0 0 
0 42 81 71 41 0 0 0 0 0 

10
0 0 0 0 0 60 0 0 0 0 
0 0 31 27 0 0 94 0 0 40 
0 31 0 36 0 12 0 84 0 0 
0 27 36 0 0 0 67 0 0 0 
0 0 0 0 0 0 0 56 72 1 
60 0 12 0 0 0 41 0 83 0 
0 94 0 67 0 41 0 0 0 0 
0 0 84 0 56 0 0 0 98 0 
0 0 0 0 72 83 0 98 0 94 
0 40 0 0 1 0 0 0 94 0 

10
0 0 0 33 46 0 0 0 1 0 
0 0 0 31 5 0 0 0 26 0 
0 0 0 0 22 82 1 95 0 0 
33 31 0 0 76 98 0 0 0 0 
46 5 22 76 0 0 0 0 0 0 
0 0 82 98 0 0 0 50 0 58 
0 0 1 0 0 0 0 19 65 46 
0 0 95 0 0 50 19 0 0 0 
1 26 0 0 0 0 65 0 0 0 
0 0 0 0 0 58 46 0 0 0 

10
0 0 78 0 0 0 0 0 7 90 
0 0 0 19 71 22 0 90 0 0 
78 0 0 0 0 0 51 0 0 0 
0 19 0 0 0 63 0 0 0 71 
0 71 0 0 0 0 0 68 0 53 
0 22 0 63 0 0 0 0 79 0 
0 0 51 0 0 0 0 7 53 63 
0 90 0 0 68 0 7 0 0 0 
7 0 0 0 0 79 53 0 0 0 
90 0 0 71 53 0 63 0 0 0 

10
0 21 0 0 0 59 13 0 0 0 
21 0 0 0 0 0 22 58 0 0 
0 0 0 90 19 0 44 59 0 0 
0 0 90 0 0 0 90 0 0 74 
0 0 19 0 0 53 0 75 29 0 
59 0 0 0 53 0 0 0 63 0 
13 22 44 90 0 0 0 0 0 0 
0 58 59 0 75 0 0 0 0 27 
0 0 0 0 29 63 0 0 0 0 
0 0 0 74 0 0 0 27 0 0 

10
0 0 0 0 0 72 0 34 76 0 
0 0 0 0 0 0 84 71 92 42 
0 0 0 0 0 0 0 0 0 74 
0 0 0 0 0 0 0 9 48 0 
0 0 0 0 0 7 0 0 0 47 
72 0 0 0 7 0 72 0 0 9 
0 84 0 0 0 72 0 53 0 0 
34 71 0 9 0 0 53 0 0 0 
76 92 0 48 0 0 0 0 0 0 
0 42 74 0 47 9 0 0 0 0 

10
0 0 0 0 0 19 0 32 98 0 
0 0 0 0 0 0 0 0 19 91 
0 0 0 21 0 0 54 20 0 0 
0 0 21 0 0 0 60 0 0 2 
0 0 0 0 0 100 0 0 95 48 
19 0 0 0 100 0 0 83 36 0 
0 0 54 60 0 0 0 0 0 0 
32 0 20 0 0 83 0 0 0 0 
98 19 0 0 95 36 0 0 0 0 
0 91 0 2 48 0 0 0 0 0 

10
0 0 37 0 0 89 0 25 0 0 
0 0 0 89 0 0 13 0 0 0 
37 0 0 0 0 0 0 0 34 87 
0 89 0 0 0 55 0 0 24 43 
0 0 0 0 0 43 0 51 2 0 
89 0 0 55 43 0 79 0 0 0 
0 13 0 0 0 79 0 0 13 0 
25 0 0 0 51 0 0 0 0 1 
0 0 34 24 2 0 13 0 0 0 
0 0 87 43 0 0 0 1 0 0 

10
0 60 0 0 0 0 0 89 0 0 
60 0 5 64 0 0 0 95 0 0 
0 5 0 0 83 0 0 0 0 76 
0 64 0 0 76 67 0 0 28 0 
0 0 83 76 0 0 0 0 0 76 
0 0 0 67 0 0 0 0 60 0 
0 0 0 0 0 0 0 86 95 0 
89 95 0 0 0 0 86 0 0 12 
0 0 0 28 0 60 95 0 0 0 
0 0 76 0 76 0 0 12 0 0 

10
0 0 0 85 0 0 71 83 17 0 
0 0 74 95 0 0 43 9 0 0 
0 74 0 0 0 0 0 7 0 1 
85 95 0 0 5 0 0 0 0 0 
0 0 0 5 0 97 0 0 0 85 
0 0 0 0 97 0 0 0 88 13 
71 43 0 0 0 0 0 0 0 0 
83 9 7 0 0 0 0 0 0 34 
17 0 0 0 0 88 0 0 0 0 
0 0 1 0 85 13 0 34 0 0 

10
0 0 0 0 73 84 0 0 0 81 
0 0 0 46 33 0 81 65 0 0 
0 0 0 0 79 0 19 0 0 0 
0 46 0 0 0 83 0 0 90 97 
73 33 79 0 0 0 0 96 0 0 
84 0 0 83 0 0 0 0 52 0 
0 81 19 0 0 0 0 0 0 0 
0 65 0 0 96 0 0 0 0 0 
0 0 0 90 0 52 0 0 0 55 
81 0 0 97 0 0 0 0 55 0 

10
0 21 0 0 0 0 0 30 0 26 
21 0 41 0 0 48 0 85 0 0 
0 41 0 65 23 0 61 0 0 0 
0 0 65 0 0 43 51 0 43 0 
0 0 23 0 0 18 49 0 47 0 
0 48 0 43 18 0 0 0 0 19 
0 0 61 51 49 0 0 0 0 0 
30 85 0 0 0 0 0 0 0 0 
0 0 0 43 47 0 0 0 0 42 
26 0 0 0 0 19 0 0 42 0 

10
0 0 8 71 0 89 0 52 0 0 
0 0 0 0 90 29 44 94 0 0 
8 0 0 0 0 0 46 0 16 81 
71 0 0 0 95 0 19 0 0 3 
0 90 0 95 0 0 0 0 0 38 
89 29 0 0 0 0 0 0 7 45 
0 44 46 19 0 0 0 55 0 0 
52 94 0 0 0 0 55 0 0 0 
0 0 16 0 0 7 0 0 0 0 
0 0 81 3 38 45 0 0 0 0 

10
0 0 91 57 0 0 0 68 70 0 
0 0 94 73 0 0 68 0 0 21 
91 94 0 0 6 45 0 0 0 0 
57 73 0 0 0 0 64 70 0 0 
0 0 6 0 0 0 0 0 6 77 
0 0 45 0 0 0 14 0 0 2 
0 68 0 64 0 14 0 0 80 0 
68 0 0 70 0 0 0 0 0 0 
70 0 0 0 6 0 80 0 0 51 
0 21 0 0 77 2 0 0 51 0 

10
0 0 0 0 51 0 0 2 0 60 
0 0 16 0 0 0 12 85 79 0 
0 16 0 0 0 0 0 45 0 38 
0 0 0 0 63 64 0 7 12 0 
51 0 0 63 0 0 0 0 0 78 
0 0 0 64 0 0 14 0 94 94 
0 12 0 0 0 14 0 0 0 0 
2 85 45 7 0 0 0 0 0 0 
0 79 0 12 0 94 0 0 0 0 
60 0 38 0 78 94 0 0 0 0 

10
0 0 0 28 87 71 0 0 27 0 
0 0 0 0 0 0 0 44 0 74 
0 0 0 0 8 0 0 0 0 0 
28 0 0 0 0 93 0 0 0 0 
87 0 8 0 0 0 0 0 92 38 
71 0 0 93 0 0 0 56 0 0 
0 0 0 0 0 0 0 79 55 100 
0 44 0 0 0 56 79 0 0 0 
27 0 0 0 92 0 55 0 0 0 
0 74 0 0 38 0 100 0 0 0 

10
0 0 20 83 0 0 0 46 0 0 
0 0 28 0 0 70 51 0 0 0 
20 28 0 0 0 0 0 72 0 0 
83 0 0 0 0 0 0 0 0 20 
0 0 0 0 0 0 42 0 35 0 
0 70 0 0 0 0 1 0 0 62 
0 51 0 0 42 1 0 0 0 0 
46 0 72 0 0 0 0 0 25 96 
0 0 0 0 35 0 0 25 0 0 
0 0 0 20 0 62 0 96 0 0 

10
0 0 85 68 0 0 0 34 81 0 
0 0 95 77 0 0 52 0 0 69 
85 95 0 0 29 0 66 0 0 0 
68 77 0 0 74 0 0 0 0 25 
0 0 29 74 0 74 0 36 0 0 
0 0 0 0 74 0 0 35 76 0 
0 52 66 0 0 0 0 0 43 28 
34 0 0 0 36 35 0 0 25 0 
81 0 0 0 0 76 43 25 0 0 
0 69 0 25 0 0 28 0 0 0 

10
0 0 0 0 0 51 0 45 28 0 
0 0 0 68 0 59 0 0 84 52 
0 0 0 0 25 19 0 42 36 0 
0 68 0 0 1 0 32 0 0 0 
0 0 25 1 0 0 0 0 0 62 
51 59 19 0 0 0 0 0 0 0 
0 0 0 32 0 0 0 39 0 92 
45 0 42 0 0 0 39 0 0 22 
28 84 36 0 0 0 0 0 0 0 
0 52 0 0 62 0 92 22 0 0 

10
0 51 0 0 30 0 36 0 0 0 
51 0 88 0 18 0 0 0 79 0 
0 88 0 0 0 3 56 0 0 100 
0 0 0 0 0 0 25 29 0 82 
30 18 0 0 0 0 0 0 0 0 
0 0 3 0 0 0 0 84 70 0 
36 0 56 25 0 0 0 0 0 0 
0 0 0 29 0 84 0 0 0 69 
0 79 0 0 0 70 0 0 0 34 
0 0 100 82 0 0 0 69 34 0 

10
0 0 37 0 0 0 88 40 0 57 
0 0 0 0 10 16 97 0 0 0 
37 0 0 17 0 0 0 0 0 0 
0 0 17 0 17 0 0 100 23 0 
0 10 0 17 0 0 0 0 0 0 
0 16 0 0 0 0 0 0 79 0 
88 97 0 0 0 0 0 29 0 79 
40 0 0 100 0 0 29 0 0 0 
0 0 0 23 0 79 0 0 0 63 
57 0 0 0 0 0 79 0 63 0 

10
0 42 0 0 67 0 100 69 0 0 
42 0 0 0 0 0 0 45 0 56 
0 0 0 0 0 0 14 0 0 0 
0 0 0 0 0 80 74 0 0 76 
67 0 0 0 0 26 0 0 0 64 
0 0 0 80 26 0 0 0 0 0 
100 0 14 74 0 0 0 0 0 15 
69 45 0 0 0 0 0 0 37 0 
0 0 0 0 0 0 0 37 0 0 
0 56 0 76 64 0 15 0 0 0 

10
0 0 0 0 0 0 56 6 8 0 
0 0 0 0 50 0 0 31 0 0 
0 0 0 61 0 0 0 0 0 42 
0 0 61 0 0 80 0 0 46 56 
0 50 0 0 0 0 0 22 0 80 
0 0 0 80 0 0 0 42 0 0 
56 0 0 0 0 0 0 0 57 23 
6 31 0 0 22 42 0 0 0 0 
8 0 0 46 0 0 57 0 0 0 
0 0 42 56 80 0 23 0 0 0 

10
0 28 44 33 0 0 0 0 52 0 
28 0 64 0 0 0 78 0 0 78 
44 64 0 1 0 0 0 0 0 8 
33 0 1 0 34 80 0 0 0 0 
0 0 0 34 0 0 0 77 8 0 
0 0 0 80 0 0 0 54 8 90 
0 78 0 0 0 0 0 31 3 0 
0 0 0 0 77 54 31 0 0 90 
52 0 0 0 8 8 3 0 0 0 
0 78 8 0 0 90 0 90 0 0 

10
0 0 0 38 0 0 0 0 91 11 
0 0 63 0 14 0 0 51 96 0 
0 63 0 0 0 0 0 18 77 22 
38 0 0 0 0 4 43 0 0 24 
0 14 0 0 0 0 82 1 95 0 
0 0 0 4 0 0 0 85 0 0 
0 0 0 43 82 0 0 0 0 90 
0 51 18 0 1 85 0 0 0 0 
91 96 77 0 95 0 0 0 0 0 
11 0 22 24 0 0 90 0 0 0 

10
0 0 0 0 67 0 98 0 0 22 
0 0 0 75 9 0 0 0 12 60 
0 0 0 0 37 93 80 24 0 0 
0 75 0 0 0 0 0 68 30 0 
67 9 37 0 0 0 0 0 81 0 
0 0 93 0 0 0 44 79 0 0 
98 0 80 0 0 44 0 0 0 45 
0 0 24 68 0 79 0 0 18 0 
0 12 0 30 81 0 0 18 0 0 
22 60 0 0 0 0 45 0 0 0 

10
0 0 0 0 72 0 0 0 0 0 
0 0 73 0 56 71 0 0 0 9 
0 73 0 0 0 0 0 46 0 0 
0 0 0 0 31 0 30 0 35 0 
72 56 0 31 0 0 0 13 0 0 
0 71 0 0 0 0 83 0 14 53 
0 0 0 30 0 83 0 90 4 0 
0 0 46 0 13 0 90 0 0 0 
0 0 0 35 0 14 4 0 0 0 
0 9 0 0 0 53 0 0 0 0 

10
0 44 0 0 0 7 7 0 0 0 
44 0 0 50 36 0 0 0 0 61 
0 0 0 29 0 88 0 0 0 0 
0 50 29 0 55 0 0 0 0 3 
0 36 0 55 0 0 0 87 45 0 
7 0 88 0 0 0 0 87 0 0 
7 0 0 0 0 0 0 0 46 0 
0 0 0 0 87 87 0 0 28 0 
0 0 0 0 45 0 46 28 0 79 
0 61 0 3 0 0 0 0 79 0 

10
0 0 74 45 0 0 36 0 0 0 
0 0 0 0 38 69 0 0 46 62 
74 0 0 0 79 0 57 0 10 0 
45 0 0 0 0 73 30 6 0 0 
0 38 79 0 0 0 0 26 0 40 
0 69 0 73 0 0 0 97 91 0 
36 0 57 30 0 0 0 0 0 0 
0 0 0 6 26 97 0 0 0 0 
0 46 10 0 0 91 0 0 0 0 
0 62 0 0 40 0 0 0 0 0 

10
0 0 0 82 0 0 63 0 68 0 
0 0 90 0 39 55 0 0 0 100 
0 90 0 0 0 94 0 0 0 0 
82 0 0 0 39 0 10 0 0 0 
0 39 0 39 0 0 0 0 0 6 
0 55 94 0 0 0 21 71 0 0 
63 0 0 10 0 21 0 0 10 0 
0 0 0 0 0 71 0 0 0 0 
68 0 0 0 0 0 10 0 0 68 
0 100 0 0 6 0 0 0 68 0 

10
0 0 0 0 40 72 0 62 77 0 
0 0 93 0 0 0 0 60 62 87 
0 93 0 17 0 0 5 0 86 0 
0 0 17 0 0 0 12 0 96 38 
40 0 0 0 0 0 0 67 0 65 
72 0 0 0 0 0 11 14 0 0 
0 0 5 12 0 11 0 0 0 64 
62 60 0 0 67 14 0 0 0 0 
77 62 86 96 0 0 0 0 0 0 
0 87 0 38 65 0 64 0 0 0 

10
0 94 0 0 0 26 0 0 0 71 
94 0 0 0 0 95 23 0 0 91 
0 0 0 39 61 0 0 0 28 0 
0 0 39 0 2 0 0 0 13 0 
0 0 61 2 0 11 0 24 0 0 
26 95 0 0 11 0 0 0 0 0 
0 23 0 0 0 0 0 84 0 0 
0 0 0 0 24 0 84 0 0 0 
0 0 28 13 0 0 0 0 0 0 
71 91 0 0 0 0 0 0 0 0 

10
0 100 0 0 0 51 0 0 0 0 
100 0 0 0 98 0 0 24 0 58 
0 0 0 0 15 8 0 0 3 0 
0 0 0 0 0 30 8 79 0 0 
0 98 15 0 0 0 0 0 0 0 
51 0 8 30 0 0 0 0 0 19 
0 0 0 8 0 0 0 75 21 41 
0 24 0 79 0 0 75 0 26 0 
0 0 3 0 0 0 21 26 0 0 
0 58 0 0 0 19 41 0 0 0 

10
0 0 0 0 21 0 0 0 0 45 
0 0 0 99 58 58 0 0 0 0 
0 0 0 0 47 0 41 0 0 10 
0 99 0 0 0 0 0 21 78 0 
21 58 47 0 0 0 0 9 0 0 
0 58 0 0 0 0 0 93 94 0 
0 0 41 0 0 0 0 0 11 54 
0 0 0 21 9 93 0 0 0 32 
0 0 0 78 0 94 11 0 0 0 
45 0 10 0 0 0 54 32 0 0 

10
0 41 0 0 89 92 0 0 0 39 
41 0 0 0 0 0 0 16 0 0 
0 0 0 0 0 88 19 17 0 0 
0 0 0 0 0 0 53 0 0 0 
89 0 0 0 0 1 0 0 0 67 
92 0 88 0 1 0 0 0 81 0 
0 0 19 53 0 0 0 0 0 0 
0 16 17 0 0 0 0 0 70 41 
0 0 0 0 0 81 0 70 0 0 
39 0 0 0 67 0 0 41 0 0 

10
0 0 0 61 0 0 22 37 0 63 
0 0 0 0 76 84 0 0 91 0 
0 0 0 0 0 85 0 91 67 0 
61 0 0 0 0 26 57 0 0 0 
0 76 0 0 0 0 0 99 57 0 
0 84 85 26 0 0 0 0 51 0 
22 0 0 57 0 0 0 0 0 61 
37 0 91 0 99 0 0 0 0 87 
0 91 67 0 57 51 0 0 0 0 
63 0 0 0 0 0 61 87 0 0 

10
0 0 84 0 4 0 0 61 0 0 
0 0 0 100 0 0 0 10 0 6 
84 0 0 0 0 0 42 0 47 0 
0 100 0 0 0 67 0 0 0 46 
4 0 0 0 0 0 37 0 0 29 
0 0 0 67 0 0 0 0 62 69 
0 0 42 0 37 0 0 98 48 0 
61 10 0 0 0 0 98 0 0 0 
0 0 47 0 0 62 48 0 0 0 
0 6 0 46 29 69 0 0 0 0 

