25
0 0 4 0 0 0 0 0 0 0 177 0 29 371 0 0 0 436 0 21 0 512 0 0 0 
0 0 0 0 0 357 36 0 0 0 0 466 459 0 0 0 0 392 0 76 338 0 0 0 0 
4 0 0 0 0 342 0 0 0 0 398 0 0 0 0 517 0 44 0 0 0 0 0 0 453 
0 0 0 0 0 0 0 0 0 0 404 0 0 31 55 206 0 367 0 0 0 0 0 0 201 
0 0 0 0 0 387 484 0 0 0 0 0 0 227 0 0 0 0 0 0 0 406 0 117 578 
0 357 342 0 387 0 0 0 420 0 0 0 613 0 0 0 120 0 0 0 593 0 0 365 0 
0 36 0 0 484 0 0 0 0 496 0 267 521 0 0 0 325 0 232 0 0 288 0 0 0 
0 0 0 0 0 0 0 0 0 101 0 0 154 0 0 0 0 0 514 0 179 430 0 183 537 
0 0 0 0 0 420 0 0 0 0 102 592 405 0 0 0 0 0 0 0 0 367 0 263 78 
0 0 0 0 0 0 496 101 0 0 0 121 0 0 0 0 0 0 0 208 362 0 0 0 243 
177 0 398 404 0 0 0 0 102 0 0 0 0 0 0 0 253 0 0 453 0 0 0 0 0 
0 466 0 0 0 0 267 0 592 121 0 0 10 0 0 0 0 0 0 307 0 577 279 0 0 
29 459 0 0 0 613 521 154 405 0 0 10 0 0 0 0 0 0 0 591 0 0 0 0 0 
371 0 0 31 227 0 0 0 0 0 0 0 0 0 0 12 0 422 0 0 0 0 571 21 0 
0 0 0 55 0 0 0 0 0 0 0 0 0 0 0 549 568 0 186 0 0 0 0 0 0 
0 0 517 206 0 0 0 0 0 0 0 0 0 12 549 0 459 0 0 0 378 0 618 0 0 
0 0 0 0 0 120 325 0 0 0 253 0 0 0 568 459 0 0 0 569 434 0 210 0 0 
436 392 44 367 0 0 0 0 0 0 0 0 0 422 0 0 0 0 520 0 418 0 0 0 0 
0 0 0 0 0 0 232 514 0 0 0 0 0 0 186 0 0 520 0 0 0 122 0 33 570 
21 76 0 0 0 0 0 0 0 208 453 307 591 0 0 0 569 0 0 0 0 0 0 0 0 
0 338 0 0 0 593 0 179 0 362 0 0 0 0 0 378 434 418 0 0 0 0 0 0 0 
512 0 0 0 406 0 288 430 367 0 0 577 0 0 0 0 0 0 122 0 0 0 0 0 0 
0 0 0 0 0 0 0 0 0 0 0 279 0 571 0 618 210 0 0 0 0 0 0 618 0 
0 0 0 0 117 365 0 183 263 0 0 0 0 21 0 0 0 0 33 0 0 0 618 0 0 
0 0 453 201 578 0 0 537 78 243 0 0 0 0 0 0 0 0 570 0 0 0 0 0 0 

25
0 0 475 109 0 0 0 327 0 573 0 0 0 118 0 0 0 0 0 0 0 483 467 0 0 
0 0 0 0 0 364 143 0 0 0 0 601 134 0 0 89 0 0 0 0 113 0 194 0 0 
475 0 0 0 0 0 0 0 0 0 0 0 0 43 0 0 276 302 0 0 272 0 0 0 0 
109 0 0 0 0 242 0 0 0 278 0 7 0 0 0 0 0 0 142 137 0 0 570 0 0 
0 0 0 0 0 78 0 267 0 0 0 471 0 0 0 441 289 0 0 512 0 134 0 0 514 
0 364 0 242 78 0 0 0 505 0 0 0 0 598 0 0 0 0 578 0 0 0 0 0 0 
0 143 0 0 0 0 0 94 444 0 0 367 557 0 0 0 289 0 0 67 0 0 0 46 0 
327 0 0 0 267 0 94 0 0 0 0 625 0 0 366 0 0 546 0 0 0 0 120 231 0 
0 0 0 0 0 505 444 0 0 0 118 0 0 0 0 44 0 0 0 95 250 0 0 0 204 
573 0 0 278 0 0 0 0 0 0 0 0 0 134 0 0 0 0 0 0 77 131 556 0 0 
0 0 0 0 0 0 0 0 118 0 0 27 0 511 0 441 267 0 0 0 241 560 0 0 75 
0 601 0 7 471 0 367 625 0 0 27 0 436 0 0 0 0 0 0 0 0 0 72 0 0 
0 134 0 0 0 0 557 0 0 0 0 436 0 0 480 399 0 0 0 0 221 0 0 415 0 
118 0 43 0 0 598 0 0 0 134 511 0 0 0 329 0 0 0 442 97 0 0 0 0 0 
0 0 0 0 0 0 0 366 0 0 0 0 480 329 0 0 0 0 188 0 0 0 235 0 502 
0 89 0 0 441 0 0 0 44 0 441 0 399 0 0 0 0 0 0 0 0 29 0 0 499 
0 0 276 0 289 0 289 0 0 0 267 0 0 0 0 0 0 448 0 198 0 0 0 0 0 
0 0 302 0 0 0 0 546 0 0 0 0 0 0 0 0 448 0 393 511 389 0 0 0 0 
0 0 0 142 0 578 0 0 0 0 0 0 0 442 188 0 0 393 0 0 0 404 0 98 0 
0 0 0 137 512 0 67 0 95 0 0 0 0 97 0 0 198 511 0 0 0 0 0 0 0 
0 113 272 0 0 0 0 0 250 77 241 0 221 0 0 0 0 389 0 0 0 0 0 0 33 
483 0 0 0 134 0 0 0 0 131 560 0 0 0 0 29 0 0 404 0 0 0 0 0 62 
467 194 0 570 0 0 0 120 0 556 0 72 0 0 235 0 0 0 0 0 0 0 0 176 0 
0 0 0 0 0 0 46 231 0 0 0 0 415 0 0 0 0 0 98 0 0 0 176 0 0 
0 0 0 0 514 0 0 0 204 0 75 0 0 0 502 499 0 0 0 0 33 62 0 0 0 

25
0 0 0 396 406 174 226 0 0 0 0 0 0 0 0 0 275 0 0 546 328 0 0 0 0 
0 0 0 0 0 0 0 0 0 0 0 0 0 158 144 0 0 103 0 0 0 189 0 80 585 
0 0 0 0 0 0 0 572 602 234 57 0 600 0 0 0 0 250 0 0 471 0 0 0 0 
396 0 0 0 88 0 0 0 0 0 0 324 0 0 0 0 417 0 247 0 0 0 484 0 312 
406 0 0 88 0 26 0 0 144 99 0 0 0 0 0 0 0 333 0 0 0 0 536 0 0 
174 0 0 0 26 0 0 0 0 0 0 32 0 0 0 0 0 0 0 0 0 0 0 0 499 
226 0 0 0 0 0 0 0 0 505 0 573 19 0 0 0 0 0 470 0 0 0 0 245 76 
0 0 572 0 0 0 0 0 0 0 0 0 266 0 0 410 0 0 0 530 0 0 0 8 0 
0 0 602 0 144 0 0 0 0 464 0 0 0 0 0 0 0 0 496 0 337 0 11 166 0 
0 0 234 0 99 0 505 0 464 0 539 0 529 0 214 0 0 0 0 0 0 522 0 0 0 
0 0 57 0 0 0 0 0 0 539 0 245 182 0 29 0 0 0 0 0 0 420 496 336 0 
0 0 0 324 0 32 573 0 0 0 245 0 0 0 0 187 0 0 0 0 0 515 0 0 0 
0 0 600 0 0 0 19 266 0 529 182 0 0 227 594 0 0 0 0 0 510 0 0 0 0 
0 158 0 0 0 0 0 0 0 0 0 0 227 0 0 106 0 0 383 0 0 467 281 0 0 
0 144 0 0 0 0 0 0 0 214 29 0 594 0 0 172 0 0 0 0 0 518 0 0 531 
0 0 0 0 0 0 0 410 0 0 0 187 0 106 172 0 465 0 0 35 0 0 47 0 0 
275 0 0 417 0 0 0 0 0 0 0 0 0 0 0 465 0 621 278 0 0 0 0 163 0 
0 103 250 0 333 0 0 0 0 0 0 0 0 0 0 0 621 0 547 505 0 0 0 460 0 
0 0 0 247 0 0 470 0 496 0 0 0 0 383 0 0 278 547 0 158 0 0 0 599 0 
546 0 0 0 0 0 0 530 0 0 0 0 0 0 0 35 0 505 158 0 0 0 0 0 356 
328 0 471 0 0 0 0 0 337 0 0 0 510 0 0 0 0 0 0 0 0 606 148 0 0 
0 189 0 0 0 0 0 0 0 522 420 515 0 467 518 0 0 0 0 0 606 0 0 0 0 
0 0 0 484 536 0 0 0 11 0 496 0 0 281 0 47 0 0 0 0 148 0 0 0 0 
0 80 0 0 0 0 245 8 166 0 336 0 0 0 0 0 163 460 599 0 0 0 0 0 0 
0 585 0 312 0 499 76 0 0 0 0 0 0 0 531 0 0 0 0 356 0 0 0 0 0 

25
0 0 297 124 0 0 0 0 554 0 0 0 0 446 0 27 0 0 116 0 127 0 0 0 0 
0 0 257 570 0 0 0 573 0 0 0 0 0 0 0 0 0 0 100 0 0 0 621 0 365 
297 257 0 0 616 0 0 0 0 0 6 439 0 0 0 0 417 0 0 0 334 0 0 0 0 
124 570 0 0 0 0 0 0 160 605 0 0 0 0 419 0 68 334 0 0 0 0 0 0 0 
0 0 616 0 0 0 312 0 0 0 466 0 595 0 133 0 0 0 0 0 0 170 0 0 0 
0 0 0 0 0 0 0 0 0 0 0 0 0 612 0 490 0 0 0 526 0 113 158 194 558 
0 0 0 0 312 0 0 0 0 0 373 351 0 0 0 0 0 37 407 0 0 0 0 424 0 
0 573 0 0 0 0 0 0 580 412 0 0 0 0 0 587 0 0 0 0 0 451 520 0 0 
554 0 0 160 0 0 0 580 0 0 0 0 0 0 0 0 581 0 607 0 0 78 0 0 0 
0 0 0 605 0 0 0 412 0 0 65 159 0 573 0 0 0 402 273 0 0 0 0 0 0 
0 0 6 0 466 0 373 0 0 65 0 0 0 0 0 122 0 333 0 305 0 0 495 0 0 
0 0 439 0 0 0 351 0 0 159 0 0 0 0 485 0 212 0 0 145 263 394 0 0 0 
0 0 0 0 595 0 0 0 0 0 0 0 0 245 405 0 0 0 0 0 0 0 0 0 59 
446 0 0 0 0 612 0 0 0 573 0 0 245 0 0 0 20 65 0 0 0 0 0 34 519 
0 0 0 419 133 0 0 0 0 0 0 485 405 0 0 0 95 0 0 232 0 0 567 0 0 
27 0 0 0 0 490 0 587 0 0 122 0 0 0 0 0 154 0 429 109 0 0 0 0 0 
0 0 417 68 0 0 0 0 581 0 0 212 0 20 95 154 0 0 0 0 0 0 0 0 0 
0 0 0 334 0 0 37 0 0 402 333 0 0 65 0 0 0 0 0 0 0 0 0 0 0 
116 100 0 0 0 0 407 0 607 273 0 0 0 0 0 429 0 0 0 90 0 0 0 176 0 
0 0 0 0 0 526 0 0 0 0 305 145 0 0 232 109 0 0 90 0 0 287 0 0 0 
127 0 334 0 0 0 0 0 0 0 0 263 0 0 0 0 0 0 0 0 0 0 0 345 0 
0 0 0 0 170 113 0 451 78 0 0 394 0 0 0 0 0 0 0 287 0 0 441 0 352 
0 621 0 0 0 158 0 520 0 0 495 0 0 0 567 0 0 0 0 0 0 441 0 0 0 
0 0 0 0 0 194 424 0 0 0 0 0 0 34 0 0 0 0 176 0 345 0 0 0 539 
0 365 0 0 0 558 0 0 0 0 0 0 59 519 0 0 0 0 0 0 0 352 0 539 0 

25
0 262 305 0 0 500 0 0 0 0 0 0 539 0 0 0 0 0 500 0 0 298 0 352 0 
262 0 0 0 0 0 169 0 0 0 0 305 0 149 0 0 0 103 0 0 0 0 0 0 0 
305 0 0 0 66 111 0 410 0 0 0 0 0 0 0 0 468 0 0 0 0 0 0 342 103 
0 0 0 0 0 0 0 19 19 0 154 0 0 0 0 0 340 539 0 0 224 0 0 0 271 
0 0 66 0 0 0 0 375 471 0 343 0 393 0 328 0 0 217 0 0 0 0 0 0 0 
500 0 111 0 0 0 0 576 0 0 0 0 319 0 0 0 0 0 0 0 0 0 338 125 0 
0 169 0 0 0 0 0 0 0 0 0 64 0 0 0 265 0 219 0 0 0 577 0 333 0 
0 0 410 19 375 576 0 0 101 0 0 0 0 0 0 0 0 0 0 494 0 234 0 0 0 
0 0 0 19 471 0 0 101 0 0 0 0 0 125 0 0 0 0 0 0 0 0 0 0 119 
0 0 0 0 0 0 0 0 0 0 0 598 0 0 0 215 0 542 162 0 584 0 0 0 0 
0 0 0 154 343 0 0 0 0 0 0 94 0 0 0 486 0 244 0 0 0 481 0 0 0 
0 305 0 0 0 0 64 0 0 598 94 0 343 0 0 0 0 0 0 471 451 76 0 0 0 
539 0 0 0 393 319 0 0 0 0 0 343 0 0 102 252 0 0 0 0 0 0 336 0 0 
0 149 0 0 0 0 0 0 125 0 0 0 0 0 0 0 499 0 391 39 0 0 0 110 42 
0 0 0 0 328 0 0 0 0 0 0 0 102 0 0 0 0 0 0 0 421 91 0 557 0 
0 0 0 0 0 0 265 0 0 215 486 0 252 0 0 0 625 0 385 0 19 0 330 0 0 
0 0 468 340 0 0 0 0 0 0 0 0 0 499 0 625 0 0 0 0 0 0 0 0 0 
0 103 0 539 217 0 219 0 0 542 244 0 0 0 0 0 0 0 0 0 0 0 0 0 195 
500 0 0 0 0 0 0 0 0 162 0 0 0 391 0 385 0 0 0 293 0 0 0 0 170 
0 0 0 0 0 0 0 494 0 0 0 471 0 39 0 0 0 0 293 0 0 338 0 0 0 
0 0 0 224 0 0 0 0 0 584 0 451 0 0 421 19 0 0 0 0 0 383 0 0 0 
298 0 0 0 0 0 577 234 0 0 481 76 0 0 91 0 0 0 0 338 383 0 0 0 0 
0 0 0 0 0 338 0 0 0 0 0 0 336 0 0 330 0 0 0 0 0 0 0 1 467 
352 0 342 0 0 125 333 0 0 0 0 0 0 110 557 0 0 0 0 0 0 0 1 0 220 
0 0 103 271 0 0 0 0 119 0 0 0 0 42 0 0 0 195 170 0 0 0 467 220 0 

25
0 0 0 427 0 0 527 0 247 0 401 0 0 0 0 425 0 0 0 0 286 57 0 0 0 
0 0 0 416 0 0 0 0 384 0 0 0 0 532 156 0 0 0 0 0 0 0 0 606 374 
0 0 0 0 0 0 0 498 0 0 0 0 0 0 400 0 0 0 0 0 0 0 0 0 0 
427 416 0 0 0 0 0 0 549 0 0 0 273 0 0 0 372 0 0 0 0 0 0 163 370 
0 0 0 0 0 0 547 0 213 0 0 309 59 0 0 0 0 0 0 493 0 362 389 0 33 
0 0 0 0 0 0 0 9 0 0 0 0 343 0 0 0 0 266 0 0 271 0 198 0 0 
527 0 0 0 547 0 0 0 14 344 0 0 0 0 281 532 0 0 0 0 0 0 0 0 0 
0 0 498 0 0 9 0 0 0 0 222 471 0 0 0 0 0 0 0 207 356 32 0 0 0 
247 384 0 549 213 0 14 0 0 0 0 0 0 0 0 0 0 450 315 0 158 0 0 0 0 
0 0 0 0 0 0 344 0 0 0 0 0 0 0 294 0 432 402 226 0 507 45 0 0 0 
401 0 0 0 0 0 0 222 0 0 0 0 0 174 0 144 0 111 0 0 354 0 0 0 42 
0 0 0 0 309 0 0 471 0 0 0 0 439 0 544 0 0 0 333 0 0 0 0 0 0 
0 0 0 273 59 343 0 0 0 0 0 439 0 0 0 0 516 0 281 0 0 0 0 0 93 
0 532 0 0 0 0 0 0 0 0 174 0 0 0 0 474 395 582 159 0 0 0 0 0 0 
0 156 400 0 0 0 281 0 0 294 0 544 0 0 0 514 0 0 0 0 0 0 0 0 188 
425 0 0 0 0 0 532 0 0 0 144 0 0 474 514 0 0 0 0 0 0 52 0 0 0 
0 0 0 372 0 0 0 0 0 432 0 0 516 395 0 0 0 0 2 95 0 0 0 0 0 
0 0 0 0 0 266 0 0 450 402 111 0 0 582 0 0 0 0 0 620 0 0 0 622 0 
0 0 0 0 0 0 0 0 315 226 0 333 281 159 0 0 2 0 0 0 0 0 0 500 0 
0 0 0 0 493 0 0 207 0 0 0 0 0 0 0 0 95 620 0 0 0 0 296 306 557 
286 0 0 0 0 271 0 356 158 507 354 0 0 0 0 0 0 0 0 0 0 0 361 0 0 
57 0 0 0 362 0 0 32 0 45 0 0 0 0 0 52 0 0 0 0 0 0 48 0 269 
0 0 0 0 389 198 0 0 0 0 0 0 0 0 0 0 0 0 0 296 361 48 0 417 0 
0 606 0 163 0 0 0 0 0 0 0 0 0 0 0 0 0 622 500 306 0 0 417 0 0 
0 374 0 370 33 0 0 0 0 0 42 0 93 0 188 0 0 0 0 557 0 269 0 0 0 

25
0 0 467 319 224 0 0 226 0 0 0 478 0 0 0 0 172 0 0 366 0 0 0 0 529 
0 0 0 0 0 0 0 0 0 571 0 0 490 0 332 0 0 0 0 0 0 109 0 298 0 
467 0 0 0 0 0 0 135 0 0 0 309 0 236 0 0 95 0 0 0 0 0 418 0 593 
319 0 0 0 0 443 0 297 0 500 389 0 0 107 237 0 0 0 0 0 0 0 0 0 236 
224 0 0 0 0 493 19 0 0 0 0 0 388 0 0 0 0 413 0 0 0 23 76 0 0 
0 0 0 443 493 0 0 0 0 395 0 0 0 0 359 0 161 0 0 0 0 0 0 35 0 
0 0 0 0 19 0 0 576 0 0 378 0 120 0 0 0 0 0 0 0 589 0 59 0 484 
226 0 135 297 0 0 576 0 0 220 0 0 0 0 0 0 0 0 290 0 0 0 0 400 0 
0 0 0 0 0 0 0 0 0 0 0 0 69 37 0 0 0 557 0 426 0 0 0 0 72 
0 571 0 500 0 395 0 220 0 0 0 0 0 0 0 0 0 450 0 284 0 0 0 0 0 
0 0 0 389 0 0 378 0 0 0 0 124 0 0 0 608 0 620 0 0 0 100 0 0 0 
478 0 309 0 0 0 0 0 0 0 124 0 0 0 0 0 192 0 56 404 0 0 0 0 0 
0 490 0 0 388 0 120 0 69 0 0 0 0 0 0 0 0 0 0 537 0 0 0 79 0 
0 0 236 107 0 0 0 0 37 0 0 0 0 0 0 0 0 600 440 0 0 604 0 0 0 
0 332 0 237 0 359 0 0 0 0 0 0 0 0 0 62 0 0 513 0 386 0 0 37 2 
0 0 0 0 0 0 0 0 0 0 608 0 0 0 62 0 0 364 0 571 610 407 0 0 0 
172 0 95 0 0 161 0 0 0 0 0 192 0 0 0 0 0 92 0 0 347 0 0 0 0 
0 0 0 0 413 0 0 0 557 450 620 0 0 600 0 364 92 0 0 0 0 0 8 0 0 
0 0 0 0 0 0 0 290 0 0 0 56 0 440 513 0 0 0 0 0 239 320 471 0 156 
366 0 0 0 0 0 0 0 426 284 0 404 537 0 0 571 0 0 0 0 0 0 0 561 0 
0 0 0 0 0 0 589 0 0 0 0 0 0 0 386 610 347 0 239 0 0 0 0 322 0 
0 109 0 0 23 0 0 0 0 0 100 0 0 604 0 407 0 0 320 0 0 0 0 0 0 
0 0 418 0 76 0 59 0 0 0 0 0 0 0 0 0 0 8 471 0 0 0 0 0 0 
0 298 0 0 0 35 0 400 0 0 0 0 79 0 37 0 0 0 0 561 322 0 0 0 0 
529 0 593 236 0 0 484 0 72 0 0 0 0 0 2 0 0 0 156 0 0 0 0 0 0 

25
0 0 0 147 0 0 548 330 481 240 0 0 0 0 0 0 0 0 378 278 0 0 0 0 0 
0 0 0 0 0 0 0 238 0 461 0 616 0 0 0 0 0 304 347 0 0 0 444 0 0 
0 0 0 0 56 0 0 511 463 455 619 0 0 0 254 473 0 0 0 0 189 0 0 0 0 
147 0 0 0 96 0 0 610 0 0 0 0 0 0 0 0 425 0 0 0 0 423 0 0 71 
0 0 56 96 0 368 572 0 0 0 206 0 0 0 330 0 0 0 0 0 0 0 0 0 0 
0 0 0 0 368 0 443 0 71 0 0 0 0 242 0 0 0 0 0 0 0 115 0 610 599 
548 0 0 0 572 443 0 0 0 0 0 398 0 235 0 0 0 0 0 0 0 514 0 0 340 
330 238 511 610 0 0 0 0 0 194 0 0 0 0 0 0 0 0 0 0 0 0 55 0 0 
481 0 463 0 0 71 0 0 0 0 0 0 0 119 0 0 0 0 0 0 0 443 545 355 331 
240 461 455 0 0 0 0 194 0 0 0 0 0 554 396 0 0 0 204 0 0 0 517 0 0 
0 0 619 0 206 0 0 0 0 0 0 0 208 0 409 0 0 485 0 0 122 0 554 486 0 
0 616 0 0 0 0 398 0 0 0 0 0 89 0 0 367 0 219 0 165 0 0 598 0 0 
0 0 0 0 0 0 0 0 0 0 208 89 0 0 229 89 445 0 0 216 0 0 562 624 0 
0 0 0 0 0 242 235 0 119 554 0 0 0 0 0 241 17 0 0 0 58 0 0 0 51 
0 0 254 0 330 0 0 0 0 396 409 0 229 0 0 552 522 0 0 0 0 0 0 0 0 
0 0 473 0 0 0 0 0 0 0 0 367 89 241 552 0 45 0 0 0 0 210 0 0 0 
0 0 0 425 0 0 0 0 0 0 0 0 445 17 522 45 0 0 0 0 80 454 0 0 0 
0 304 0 0 0 0 0 0 0 0 485 219 0 0 0 0 0 0 0 290 460 608 0 304 0 
378 347 0 0 0 0 0 0 0 204 0 0 0 0 0 0 0 0 0 0 116 0 0 465 280 
278 0 0 0 0 0 0 0 0 0 0 165 216 0 0 0 0 290 0 0 77 0 0 441 0 
0 0 189 0 0 0 0 0 0 0 122 0 0 58 0 0 80 460 116 77 0 0 0 0 0 
0 0 0 423 0 115 514 0 443 0 0 0 0 0 0 210 454 608 0 0 0 0 0 0 0 
0 444 0 0 0 0 0 55 545 517 554 598 562 0 0 0 0 0 0 0 0 0 0 0 338 
0 0 0 0 0 610 0 0 355 0 486 0 624 0 0 0 0 304 465 441 0 0 0 0 514 
0 0 0 71 0 599 340 0 331 0 0 0 0 51 0 0 0 0 280 0 0 0 338 514 0 

25
0 0 50 0 610 0 0 0 0 0 0 489 0 0 0 0 0 0 0 0 0 0 0 0 485 
0 0 0 0 72 349 0 0 0 0 0 0 0 0 478 0 0 0 0 617 0 458 0 551 0 
50 0 0 225 0 0 0 0 0 526 0 328 0 0 0 0 0 393 0 0 0 423 0 0 0 
0 0 225 0 0 0 0 0 450 0 53 0 0 0 0 0 64 0 0 0 412 0 3 0 532 
610 72 0 0 0 0 0 0 0 569 0 0 0 0 0 0 0 46 290 0 312 0 0 0 31 
0 349 0 0 0 0 0 0 0 415 0 0 0 0 389 610 0 0 0 0 0 0 82 0 0 
0 0 0 0 0 0 0 0 0 0 0 272 1 0 0 0 3 323 0 0 0 0 0 0 0 
0 0 0 0 0 0 0 0 0 0 0 267 0 0 0 0 0 0 0 351 0 0 0 37 0 
0 0 0 450 0 0 0 0 0 334 321 0 0 0 0 0 0 85 600 0 0 183 0 0 0 
0 0 526 0 569 415 0 0 334 0 0 0 95 0 0 0 403 0 0 0 0 0 0 0 193 
0 0 0 53 0 0 0 0 321 0 0 0 0 0 515 0 0 0 576 0 25 0 0 187 0 
489 0 328 0 0 0 272 267 0 0 0 0 0 0 0 338 36 0 0 0 0 0 0 217 459 
0 0 0 0 0 0 1 0 0 95 0 0 0 495 0 0 0 0 415 0 617 336 0 0 0 
0 0 0 0 0 0 0 0 0 0 0 0 495 0 0 388 0 333 529 470 395 0 0 136 0 
0 478 0 0 0 389 0 0 0 0 515 0 0 0 0 0 0 0 96 121 0 0 218 0 277 
0 0 0 0 0 610 0 0 0 0 0 338 0 388 0 0 0 0 315 0 0 0 0 0 0 
0 0 0 64 0 0 3 0 0 403 0 36 0 0 0 0 0 0 0 0 0 545 426 511 0 
0 0 393 0 46 0 323 0 85 0 0 0 0 333 0 0 0 0 0 0 0 0 357 0 0 
0 0 0 0 290 0 0 0 600 0 576 0 415 529 96 315 0 0 0 0 568 0 0 0 0 
0 617 0 0 0 0 0 351 0 0 0 0 0 470 121 0 0 0 0 0 0 0 0 472 73 
0 0 0 412 312 0 0 0 0 0 25 0 617 395 0 0 0 0 568 0 0 0 0 0 0 
0 458 423 0 0 0 0 0 183 0 0 0 336 0 0 0 545 0 0 0 0 0 0 0 0 
0 0 0 3 0 82 0 0 0 0 0 0 0 0 218 0 426 357 0 0 0 0 0 0 0 
0 551 0 0 0 0 0 37 0 0 187 217 0 136 0 0 511 0 0 472 0 0 0 0 0 
485 0 0 532 31 0 0 0 0 193 0 459 0 0 277 0 0 0 0 73 0 0 0 0 0 

25
0 0 0 0 0 348 0 220 0 615 0 552 387 0 493 26 0 0 0 449 0 0 0 0 0 
0 0 0 414 0 194 295 0 0 41 0 0 0 351 0 519 0 0 0 0 0 0 86 0 0 
0 0 0 0 0 426 0 0 0 0 0 551 0 0 11 0 0 324 0 0 264 242 440 0 0 
0 414 0 0 0 0 0 0 0 0 0 0 229 364 0 0 282 0 489 295 0 0 0 170 0 
0 0 0 0 0 0 0 0 0 0 449 362 0 56 356 0 0 597 0 0 0 0 170 473 0 
348 194 426 0 0 0 0 611 0 176 0 0 0 0 0 0 0 405 0 0 0 0 0 0 0 
0 295 0 0 0 0 0 0 0 0 0 0 0 0 0 0 0 319 92 0 283 0 0 139 0 
220 0 0 0 0 611 0 0 0 0 0 376 450 0 0 0 266 0 0 308 0 0 466 0 0 
0 0 0 0 0 0 0 0 0 0 0 0 0 0 0 202 0 0 378 0 0 0 0 157 0 
615 41 0 0 0 176 0 0 0 0 385 0 174 0 413 0 0 0 0 0 0 0 0 133 0 
0 0 0 0 449 0 0 0 0 385 0 0 0 471 321 0 148 0 0 0 558 441 0 0 0 
552 0 551 0 362 0 0 376 0 0 0 0 263 0 0 0 293 0 0 483 0 0 420 0 0 
387 0 0 229 0 0 0 450 0 174 0 263 0 0 0 417 0 0 0 0 392 0 0 0 0 
0 351 0 364 56 0 0 0 0 0 471 0 0 0 122 0 360 0 2 127 0 0 0 0 0 
493 0 11 0 356 0 0 0 0 413 321 0 0 122 0 0 0 74 0 0 0 0 0 0 371 
26 519 0 0 0 0 0 0 202 0 0 0 417 0 0 0 0 0 193 0 539 306 0 366 0 
0 0 0 282 0 0 0 266 0 0 148 293 0 360 0 0 0 0 10 0 0 0 0 0 0 
0 0 324 0 597 405 319 0 0 0 0 0 0 0 74 0 0 0 492 0 0 0 324 0 0 
0 0 0 489 0 0 92 0 378 0 0 0 0 2 0 193 10 492 0 0 0 0 0 0 0 
449 0 0 295 0 0 0 308 0 0 0 483 0 127 0 0 0 0 0 0 0 259 0 71 18 
0 0 264 0 0 0 283 0 0 0 558 0 392 0 0 539 0 0 0 0 0 51 0 0 0 
0 0 242 0 0 0 0 0 0 0 441 0 0 0 0 306 0 0 0 259 51 0 177 0 26 
0 86 440 0 170 0 0 466 0 0 0 420 0 0 0 0 0 324 0 0 0 177 0 0 524 
0 0 0 170 473 0 139 0 157 133 0 0 0 0 0 366 0 0 0 71 0 0 0 0 0 
0 0 0 0 0 0 0 0 0 0 0 0 0 0 371 0 0 0 0 18 0 26 524 0 0 

25
0 0 533 0 0 336 0 375 0 0 466 0 0 549 0 0 0 0 0 329 0 0 137 589 0 
0 0 123 0 0 0 0 0 327 88 387 0 0 0 567 0 0 0 0 0 0 0 0 0 229 
533 123 0 0 0 0 0 0 593 0 0 0 0 342 564 0 0 0 0 0 0 404 0 0 122 
0 0 0 0 181 0 0 0 0 0 0 0 87 0 0 377 0 16 231 84 0 0 194 0 382 
0 0 0 181 0 412 0 209 547 0 0 0 328 0 0 0 283 423 0 0 0 0 0 0 0 
336 0 0 0 412 0 0 0 0 544 0 0 0 0 332 0 0 0 0 0 0 0 0 84 0 
0 0 0 0 0 0 0 361 0 25 0 342 0 0 427 0 0 0 213 0 0 0 0 0 0 
375 0 0 0 209 0 361 0 0 199 0 0 0 178 0 200 320 0 0 523 0 0 0 0 0 
0 327 593 0 547 0 0 0 0 0 540 0 417 0 0 0 0 0 0 8 330 498 0 0 0 
0 88 0 0 0 544 25 199 0 0 0 451 0 0 0 0 0 0 160 0 0 222 267 0 0 
466 387 0 0 0 0 0 0 540 0 0 0 0 0 0 173 0 305 0 295 273 0 0 0 0 
0 0 0 0 0 0 342 0 0 451 0 0 0 0 0 319 490 0 0 0 0 558 0 0 126 
0 0 0 87 328 0 0 0 417 0 0 0 0 0 26 0 0 487 560 0 559 310 0 0 0 
549 0 342 0 0 0 0 178 0 0 0 0 0 0 0 0 531 0 0 0 0 0 0 378 514 
0 567 564 0 0 332 427 0 0 0 0 0 26 0 0 0 183 244 0 0 0 0 0 0 0 
0 0 0 377 0 0 0 200 0 0 173 319 0 0 0 0 0 0 0 0 0 0 0 0 211 
0 0 0 0 283 0 0 320 0 0 0 490 0 531 183 0 0 0 449 0 0 320 494 0 0 
0 0 0 16 423 0 0 0 0 0 305 0 487 0 244 0 0 0 82 0 0 0 77 0 0 
0 0 0 231 0 0 213 0 0 160 0 0 560 0 0 0 449 82 0 0 0 0 0 0 0 
329 0 0 84 0 0 0 523 8 0 295 0 0 0 0 0 0 0 0 0 0 0 0 0 0 
0 0 0 0 0 0 0 0 330 0 273 0 559 0 0 0 0 0 0 0 0 0 400 0 0 
0 0 404 0 0 0 0 0 498 222 0 558 310 0 0 0 320 0 0 0 0 0 0 0 0 
137 0 0 194 0 0 0 0 0 267 0 0 0 0 0 0 494 77 0 0 400 0 0 306 524 
589 0 0 0 0 84 0 0 0 0 0 0 0 378 0 0 0 0 0 0 0 0 306 0 0 
0 229 122 382 0 0 0 0 0 0 0 126 0 514 0 211 0 0 0 0 0 0 524 0 0 

25
0 0 0 548 0 0 0 0 48 0 0 0 0 0 531 171 0 0 0 0 0 411 329 0 0 
0 0 0 0 258 611 0 368 0 0 0 525 0 75 0 0 0 0 0 465 0 0 140 0 0 
0 0 0 0 0 0 0 246 520 299 377 0 0 0 0 339 0 458 0 0 0 0 0 0 0 
548 0 0 0 161 0 0 41 0 587 0 143 0 0 0 0 0 0 0 42 0 0 0 0 0 
0 258 0 161 0 0 0 0 524 0 476 0 144 0 392 0 22 0 0 0 0 0 0 0 0 
0 611 0 0 0 0 0 0 0 0 0 243 0 0 582 13 0 0 0 0 0 0 0 0 174 
0 0 0 0 0 0 0 0 0 573 0 91 0 0 132 0 0 0 0 0 0 0 0 570 0 
0 368 246 41 0 0 0 0 59 0 320 0 0 612 0 0 0 0 0 0 0 0 0 478 0 
48 0 520 0 524 0 0 59 0 0 0 0 0 0 0 0 0 0 0 0 0 0 0 0 0 
0 0 299 587 0 0 573 0 0 0 0 0 0 210 0 0 0 0 0 0 0 0 223 12 188 
0 0 377 0 476 0 0 320 0 0 0 0 0 344 128 0 306 0 0 0 0 0 0 0 0 
0 525 0 143 0 243 91 0 0 0 0 0 0 0 0 0 0 0 466 0 0 0 0 0 410 
0 0 0 0 144 0 0 0 0 0 0 0 0 0 449 0 0 0 0 0 435 150 209 0 0 
0 75 0 0 0 0 0 612 0 210 344 0 0 0 0 0 383 0 0 0 389 0 0 0 0 
531 0 0 0 392 582 132 0 0 0 128 0 449 0 0 0 0 0 0 0 0 253 0 565 0 
171 0 339 0 0 13 0 0 0 0 0 0 0 0 0 0 381 445 0 0 573 0 0 0 0 
0 0 0 0 22 0 0 0 0 0 306 0 0 383 0 381 0 14 0 474 589 0 378 0 0 
0 0 458 0 0 0 0 0 0 0 0 0 0 0 0 445 14 0 0 0 362 221 0 357 91 
0 0 0 0 0 0 0 0 0 0 0 466 0 0 0 0 0 0 0 266 0 0 298 0 0 
0 465 0 42 0 0 0 0 0 0 0 0 0 0 0 0 474 0 266 0 13 40 0 0 0 
0 0 0 0 0 0 0 0 0 0 0 0 435 389 0 573 589 362 0 13 0 173 0 0 0 
411 0 0 0 0 0 0 0 0 0 0 0 150 0 253 0 0 221 0 40 173 0 0 0 473 
329 140 0 0 0 0 0 0 0 223 0 0 209 0 0 0 378 0 298 0 0 0 0 0 0 
0 0 0 0 0 0 570 478 0 12 0 0 0 0 565 0 0 357 0 0 0 0 0 0 0 
0 0 0 0 0 174 0 0 0 188 0 410 0 0 0 0 0 91 0 0 0 473 0 0 0 

25
0 506 0 0 343 0 0 0 0 443 24 0 192 0 435 0 0 251 337 0 0 0 0 0 0 
506 0 576 404 0 0 0 0 0 0 0 399 0 328 0 0 0 0 0 112 0 0 209 0 0 
0 576 0 0 0 0 0 0 0 0 0 0 0 369 0 240 0 0 0 57 0 239 0 0 480 
0 404 0 0 0 223 215 0 0 0 149 0 0 0 0 0 0 0 318 0 385 0 0 0 0 
343 0 0 0 0 0 0 0 0 0 0 0 0 0 0 272 472 229 0 224 540 0 0 0 0 
0 0 0 223 0 0 0 0 0 0 0 0 355 598 385 557 0 265 0 0 174 0 0 0 167 
0 0 0 215 0 0 0 0 0 105 77 88 0 0 0 0 0 0 349 362 215 0 0 496 0 
0 0 0 0 0 0 0 0 0 0 0 0 0 0 0 105 124 382 0 0 142 360 0 0 0 
0 0 0 0 0 0 0 0 0 0 506 600 0 0 80 0 0 0 0 0 0 0 101 0 624 
443 0 0 0 0 0 105 0 0 0 0 0 592 50 64 0 37 0 0 612 0 0 0 0 0 
24 0 0 149 0 0 77 0 506 0 0 0 0 0 0 0 0 0 0 231 0 0 0 372 0 
0 399 0 0 0 0 88 0 600 0 0 0 0 0 0 0 194 0 0 0 0 0 167 587 249 
192 0 0 0 0 355 0 0 0 592 0 0 0 221 0 0 0 0 0 0 0 75 523 417 0 
0 328 369 0 0 598 0 0 0 50 0 0 221 0 0 0 0 0 0 0 348 0 446 0 0 
435 0 0 0 0 385 0 0 80 64 0 0 0 0 0 0 0 0 5 0 0 255 0 515 0 
0 0 240 0 272 557 0 105 0 0 0 0 0 0 0 0 608 0 0 0 0 0 0 0 0 
0 0 0 0 472 0 0 124 0 37 0 194 0 0 0 608 0 0 587 0 0 0 0 89 0 
251 0 0 0 229 265 0 382 0 0 0 0 0 0 0 0 0 0 19 462 0 0 0 0 506 
337 0 0 318 0 0 349 0 0 0 0 0 0 0 5 0 587 19 0 0 0 395 0 0 0 
0 112 57 0 224 0 362 0 0 612 231 0 0 0 0 0 0 462 0 0 0 0 0 0 0 
0 0 0 385 540 174 215 142 0 0 0 0 0 348 0 0 0 0 0 0 0 510 0 303 0 
0 0 239 0 0 0 0 360 0 0 0 0 75 0 255 0 0 0 395 0 510 0 0 11 0 
0 209 0 0 0 0 0 0 101 0 0 167 523 446 0 0 0 0 0 0 0 0 0 0 377 
0 0 0 0 0 0 496 0 0 0 372 587 417 0 515 0 89 0 0 0 303 11 0 0 0 
0 0 480 0 0 167 0 0 624 0 0 249 0 0 0 0 0 506 0 0 0 0 377 0 0 

25
0 0 0 389 0 0 0 0 0 443 0 0 0 423 0 0 327 0 0 0 0 490 42 330 0 
0 0 0 392 134 0 0 0 0 0 0 0 582 572 0 0 0 504 0 0 0 0 0 190 0 
0 0 0 186 0 0 581 0 0 0 0 0 539 0 0 0 412 211 0 0 0 0 0 0 0 
389 392 186 0 77 117 0 0 0 0 0 0 0 190 0 0 410 0 0 0 0 0 0 0 107 
0 134 0 77 0 18 0 0 0 16 0 619 0 125 0 0 0 0 0 0 0 0 0 570 0 
0 0 0 117 18 0 0 0 0 0 484 0 0 0 0 0 216 0 65 230 0 0 0 0 0 
0 0 581 0 0 0 0 0 0 0 114 0 563 582 598 324 0 0 0 0 0 0 0 0 0 
0 0 0 0 0 0 0 0 0 0 0 133 0 357 0 0 0 0 0 0 562 114 0 271 0 
0 0 0 0 0 0 0 0 0 0 364 0 0 0 559 460 0 0 329 468 179 0 394 0 0 
443 0 0 0 16 0 0 0 0 0 0 0 0 0 0 167 0 0 0 0 0 274 363 0 166 
0 0 0 0 0 484 114 0 364 0 0 0 147 0 0 0 0 0 0 0 0 260 0 0 263 
0 0 0 0 619 0 0 133 0 0 0 0 0 0 347 0 0 309 0 0 0 577 443 0 92 
0 582 539 0 0 0 563 0 0 0 147 0 0 547 86 0 0 0 422 0 408 0 0 0 0 
423 572 0 190 125 0 582 357 0 0 0 0 547 0 0 0 0 0 0 0 0 0 0 0 0 
0 0 0 0 0 0 598 0 559 0 0 347 86 0 0 217 0 0 113 0 0 193 0 0 485 
0 0 0 0 0 0 324 0 460 167 0 0 0 0 217 0 520 0 0 448 0 0 0 0 211 
327 0 412 410 0 216 0 0 0 0 0 0 0 0 0 520 0 0 0 0 0 0 0 470 0 
0 504 211 0 0 0 0 0 0 0 0 309 0 0 0 0 0 0 0 0 524 0 0 443 573 
0 0 0 0 0 65 0 0 329 0 0 0 422 0 113 0 0 0 0 0 262 0 0 0 0 
0 0 0 0 0 230 0 0 468 0 0 0 0 0 0 448 0 0 0 0 0 0 461 0 0 
0 0 0 0 0 0 0 562 179 0 0 0 408 0 0 0 0 524 262 0 0 0 0 52 0 
490 0 0 0 0 0 0 114 0 274 260 577 0 0 193 0 0 0 0 0 0 0 0 0 0 
42 0 0 0 0 0 0 0 394 363 0 443 0 0 0 0 0 0 0 461 0 0 0 0 0 
330 190 0 0 570 0 0 271 0 0 0 0 0 0 0 0 470 443 0 0 52 0 0 0 296 
0 0 0 107 0 0 0 0 0 166 263 92 0 0 485 211 0 573 0 0 0 0 0 296 0 

25
0 0 0 0 0 7 0 21 0 276 0 0 0 0 0 0 0 0 0 0 510 0 266 0 190 
0 0 392 0 0 0 0 0 0 0 0 0 0 0 0 0 443 181 127 0 325 0 0 0 0 
0 392 0 0 0 89 0 0 0 0 0 186 0 0 0 566 0 50 0 0 0 0 571 0 39 
0 0 0 0 210 184 0 0 491 0 0 0 0 0 0 0 503 544 0 418 0 0 0 0 0 
0 0 0 210 0 0 0 0 544 202 0 0 0 413 0 0 0 0 211 435 0 0 164 0 113 
7 0 89 184 0 0 0 0 0 0 151 0 451 0 0 0 0 0 0 0 0 190 0 0 0 
0 0 0 0 0 0 0 0 0 332 0 0 194 296 319 0 474 0 0 0 570 0 0 0 0 
21 0 0 0 0 0 0 0 0 0 0 0 0 357 0 67 0 0 149 0 493 0 0 603 480 
0 0 0 491 544 0 0 0 0 0 0 0 0 306 0 0 0 0 151 0 0 547 191 0 0 
276 0 0 0 202 0 332 0 0 0 0 0 0 199 0 0 594 378 0 0 0 603 0 0 0 
0 0 0 0 0 151 0 0 0 0 0 269 0 0 300 0 0 0 465 466 0 0 0 222 38 
0 0 186 0 0 0 0 0 0 0 269 0 0 0 0 0 0 624 0 0 38 379 52 0 0 
0 0 0 0 0 451 194 0 0 0 0 0 0 406 23 0 0 0 218 0 0 0 299 552 400 
0 0 0 0 413 0 296 357 306 199 0 0 406 0 0 0 0 0 0 0 208 0 0 83 0 
0 0 0 0 0 0 319 0 0 0 300 0 23 0 0 0 0 554 0 30 0 0 397 590 0 
0 0 566 0 0 0 0 67 0 0 0 0 0 0 0 0 0 0 0 514 0 0 0 0 0 
0 443 0 503 0 0 474 0 0 594 0 0 0 0 0 0 0 0 0 0 0 473 0 0 475 
0 181 50 544 0 0 0 0 0 378 0 624 0 0 554 0 0 0 0 0 0 0 0 0 414 
0 127 0 0 211 0 0 149 151 0 465 0 218 0 0 0 0 0 0 0 175 0 0 0 0 
0 0 0 418 435 0 0 0 0 0 466 0 0 0 30 514 0 0 0 0 474 0 0 374 0 
510 325 0 0 0 0 570 493 0 0 0 38 0 208 0 0 0 0 175 474 0 0 0 0 0 
0 0 0 0 0 190 0 0 547 603 0 379 0 0 0 0 473 0 0 0 0 0 0 0 0 
266 0 571 0 164 0 0 0 191 0 0 52 299 0 397 0 0 0 0 0 0 0 0 536 0 
0 0 0 0 0 0 0 603 0 0 222 0 552 83 590 0 0 0 0 374 0 0 536 0 0 
190 0 39 0 113 0 0 480 0 0 38 0 400 0 0 0 475 414 0 0 0 0 0 0 0 

25
0 0 0 416 510 0 0 0 0 0 449 0 0 0 242 117 0 0 186 0 0 461 0 0 577 
0 0 193 0 319 0 0 0 0 0 148 0 0 0 0 69 0 0 449 0 0 0 0 0 0 
0 193 0 0 97 0 0 0 0 0 0 445 0 0 0 0 0 0 0 250 282 264 0 20 0 
416 0 0 0 0 329 0 0 173 352 0 505 0 0 0 125 0 467 0 0 0 0 0 0 0 
510 319 97 0 0 0 0 261 0 0 331 0 0 0 0 0 0 0 0 0 0 0 428 0 219 
0 0 0 329 0 0 0 0 87 516 334 0 0 0 0 0 0 142 0 602 209 0 125 0 0 
0 0 0 0 0 0 0 514 0 0 0 0 0 282 0 171 0 0 0 432 0 0 317 448 0 
0 0 0 0 261 0 514 0 0 0 0 0 0 0 0 0 121 0 0 0 0 257 0 218 0 
0 0 0 173 0 87 0 0 0 6 0 387 155 600 0 0 0 0 0 0 0 0 0 0 0 
0 0 0 352 0 516 0 0 6 0 0 0 0 0 0 605 0 0 0 0 0 0 0 0 0 
449 148 0 0 331 334 0 0 0 0 0 0 0 0 0 0 0 0 0 0 203 0 0 0 0 
0 0 445 505 0 0 0 0 387 0 0 0 0 0 411 0 14 0 0 595 0 0 0 0 0 
0 0 0 0 0 0 0 0 155 0 0 0 0 0 0 0 91 0 529 0 158 0 585 0 0 
0 0 0 0 0 0 282 0 600 0 0 0 0 0 0 0 258 0 410 0 410 415 0 0 0 
242 0 0 0 0 0 0 0 0 0 0 411 0 0 0 497 0 0 0 0 0 0 0 0 0 
117 69 0 125 0 0 171 0 0 605 0 0 0 0 497 0 0 0 0 0 0 0 0 0 0 
0 0 0 0 0 0 0 121 0 0 0 14 91 258 0 0 0 0 0 75 0 0 0 0 377 
0 0 0 467 0 142 0 0 0 0 0 0 0 0 0 0 0 0 0 0 282 327 71 0 458 
186 449 0 0 0 0 0 0 0 0 0 0 529 410 0 0 0 0 0 0 146 0 0 527 0 
0 0 250 0 0 602 432 0 0 0 0 595 0 0 0 0 75 0 0 0 0 420 207 0 0 
0 0 282 0 0 209 0 0 0 0 203 0 158 410 0 0 0 282 146 0 0 0 0 0 0 
461 0 264 0 0 0 0 257 0 0 0 0 0 415 0 0 0 327 0 420 0 0 506 0 0 
0 0 0 0 428 125 317 0 0 0 0 0 585 0 0 0 0 71 0 207 0 506 0 594 0 
0 0 20 0 0 0 448 218 0 0 0 0 0 0 0 0 0 0 527 0 0 0 594 0 480 
577 0 0 0 219 0 0 0 0 0 0 0 0 0 0 0 377 458 0 0 0 0 0 480 0 

25
0 547 0 446 0 0 0 0 0 0 78 0 0 504 450 0 0 0 0 0 25 0 0 361 0 
547 0 538 0 0 0 0 0 0 580 0 0 0 0 0 0 0 390 0 0 0 0 0 0 323 
0 538 0 0 0 0 0 0 0 390 0 0 0 564 0 0 486 0 0 0 0 523 292 0 0 
446 0 0 0 0 0 0 0 0 0 0 170 0 0 0 0 362 58 0 0 0 0 595 0 0 
0 0 0 0 0 0 0 225 0 0 615 0 134 0 0 502 0 0 0 0 0 511 0 22 0 
0 0 0 0 0 0 301 0 0 0 0 0 198 0 0 161 0 0 493 0 0 0 91 419 0 
0 0 0 0 0 301 0 0 326 0 0 118 0 0 0 285 495 0 332 0 0 0 19 0 0 
0 0 0 0 225 0 0 0 0 169 0 0 317 0 0 183 223 0 0 0 0 0 547 0 0 
0 0 0 0 0 0 326 0 0 0 110 0 489 19 347 0 624 0 0 152 0 181 0 0 0 
0 580 390 0 0 0 0 169 0 0 0 0 0 512 0 0 0 0 0 0 0 0 0 0 0 
78 0 0 0 615 0 0 0 110 0 0 523 0 0 0 0 434 0 0 0 0 426 0 0 207 
0 0 0 170 0 0 118 0 0 0 523 0 0 0 0 0 0 0 569 507 0 0 0 0 0 
0 0 0 0 134 198 0 317 489 0 0 0 0 0 116 0 0 0 0 0 398 0 0 0 96 
504 0 564 0 0 0 0 0 19 512 0 0 0 0 0 0 267 0 0 0 0 0 56 0 0 
450 0 0 0 0 0 0 0 347 0 0 0 116 0 0 0 0 268 0 335 544 0 187 0 0 
0 0 0 0 502 161 285 183 0 0 0 0 0 0 0 0 0 0 49 579 0 0 0 0 0 
0 0 486 362 0 0 495 223 624 0 434 0 0 267 0 0 0 0 0 0 0 602 0 0 0 
0 390 0 58 0 0 0 0 0 0 0 0 0 0 268 0 0 0 0 0 546 261 0 450 0 
0 0 0 0 0 493 332 0 0 0 0 569 0 0 0 49 0 0 0 0 0 0 0 0 30 
0 0 0 0 0 0 0 0 152 0 0 507 0 0 335 579 0 0 0 0 0 0 0 144 0 
25 0 0 0 0 0 0 0 0 0 0 0 398 0 544 0 0 546 0 0 0 0 411 0 0 
0 0 523 0 511 0 0 0 181 0 426 0 0 0 0 0 602 261 0 0 0 0 0 50 14 
0 0 292 595 0 91 19 547 0 0 0 0 0 56 187 0 0 0 0 0 411 0 0 0 0 
361 0 0 0 22 419 0 0 0 0 0 0 0 0 0 0 0 450 0 144 0 50 0 0 567 
0 323 0 0 0 0 0 0 0 0 207 0 96 0 0 0 0 0 30 0 0 14 0 567 0 

25
0 499 0 0 0 282 348 0 137 0 0 0 0 499 261 355 0 142 0 0 0 0 0 0 0 
499 0 510 0 0 36 0 0 0 0 0 0 0 301 0 0 0 611 574 0 0 492 0 0 121 
0 510 0 0 0 0 0 0 0 0 620 456 0 0 64 0 0 0 436 13 193 0 0 0 0 
0 0 0 0 0 0 0 0 0 174 0 78 0 0 114 15 0 0 0 0 239 0 0 205 0 
0 0 0 0 0 0 0 372 0 0 0 0 101 0 0 0 339 0 0 0 169 275 205 321 0 
282 36 0 0 0 0 0 0 0 0 0 0 0 0 0 399 483 483 0 5 0 0 49 0 212 
348 0 0 0 0 0 0 0 497 0 0 0 0 0 0 0 477 0 50 0 0 0 0 333 0 
0 0 0 0 372 0 0 0 0 46 558 0 194 19 562 0 0 0 173 42 0 0 0 0 0 
137 0 0 0 0 0 497 0 0 0 0 0 0 125 0 0 0 0 0 25 0 533 0 0 254 
0 0 0 174 0 0 0 46 0 0 215 0 0 0 0 0 0 0 0 0 0 265 0 0 28 
0 0 620 0 0 0 0 558 0 215 0 0 0 0 0 0 0 0 0 541 0 201 55 0 0 
0 0 456 78 0 0 0 0 0 0 0 0 119 0 0 404 0 0 0 0 347 0 0 137 225 
0 0 0 0 101 0 0 194 0 0 0 119 0 0 0 0 228 491 0 0 131 0 0 0 0 
499 301 0 0 0 0 0 19 125 0 0 0 0 0 0 0 0 0 0 0 0 591 0 18 0 
261 0 64 114 0 0 0 562 0 0 0 0 0 0 0 0 0 0 372 0 332 0 0 0 0 
355 0 0 15 0 399 0 0 0 0 0 404 0 0 0 0 532 556 0 0 0 0 0 0 0 
0 0 0 0 339 483 477 0 0 0 0 0 228 0 0 532 0 0 0 0 0 0 447 504 0 
142 611 0 0 0 483 0 0 0 0 0 0 491 0 0 556 0 0 0 384 0 0 0 0 0 
0 574 436 0 0 0 50 173 0 0 0 0 0 0 372 0 0 0 0 0 0 0 574 578 0 
0 0 13 0 0 5 0 42 25 0 541 0 0 0 0 0 0 384 0 0 0 0 0 0 0 
0 0 193 239 169 0 0 0 0 0 0 347 131 0 332 0 0 0 0 0 0 0 435 0 0 
0 492 0 0 275 0 0 0 533 265 201 0 0 591 0 0 0 0 0 0 0 0 491 0 177 
0 0 0 0 205 49 0 0 0 0 55 0 0 0 0 0 447 0 574 0 435 491 0 0 0 
0 0 0 205 321 0 333 0 0 0 0 137 0 18 0 0 504 0 578 0 0 0 0 0 0 
0 121 0 0 0 212 0 0 254 28 0 225 0 0 0 0 0 0 0 0 0 177 0 0 0 

25
0 0 0 0 0 0 0 0 0 106 0 22 0 192 321 0 0 0 0 0 0 0 0 0 0 
0 0 0 0 0 0 0 0 0 374 268 0 470 0 0 0 135 0 0 0 528 211 0 0 88 
0 0 0 0 0 0 0 0 0 0 447 0 0 0 0 0 496 0 0 180 0 0 372 0 53 
0 0 0 0 0 621 0 0 0 0 0 0 0 0 370 0 32 325 0 423 0 0 313 0 625 
0 0 0 0 0 210 0 0 0 0 0 0 429 0 0 0 171 0 83 0 0 22 0 0 0 
0 0 0 621 210 0 0 0 0 149 0 0 0 0 0 0 0 145 0 0 0 0 81 25 0 
0 0 0 0 0 0 0 0 350 0 0 0 102 0 0 300 0 0 0 0 0 510 345 0 0 
0 0 0 0 0 0 0 0 0 0 317 445 439 96 0 0 356 0 0 535 0 0 0 80 0 
0 0 0 0 0 0 350 0 0 0 0 0 0 278 0 0 454 327 0 555 0 0 0 0 0 
106 374 0 0 0 149 0 0 0 0 0 0 0 0 0 0 614 0 0 0 120 0 0 0 0 
0 268 447 0 0 0 0 317 0 0 0 534 0 0 0 0 0 350 0 0 0 0 0 0 0 
22 0 0 0 0 0 0 445 0 0 534 0 0 82 0 0 0 0 491 0 0 0 608 0 0 
0 470 0 0 429 0 102 439 0 0 0 0 0 0 0 0 0 0 0 29 0 0 531 150 0 
192 0 0 0 0 0 0 96 278 0 0 82 0 0 0 0 0 604 0 0 0 97 0 0 0 
321 0 0 370 0 0 0 0 0 0 0 0 0 0 0 395 0 0 0 511 0 0 0 598 17 
0 0 0 0 0 0 300 0 0 0 0 0 0 0 395 0 0 0 0 0 551 130 0 442 187 
0 135 496 32 171 0 0 356 454 614 0 0 0 0 0 0 0 0 0 0 0 0 0 0 0 
0 0 0 325 0 145 0 0 327 0 350 0 0 604 0 0 0 0 0 0 0 0 364 184 0 
0 0 0 0 83 0 0 0 0 0 0 491 0 0 0 0 0 0 0 0 0 169 0 0 0 
0 0 180 423 0 0 0 535 555 0 0 0 29 0 511 0 0 0 0 0 0 319 0 0 0 
0 528 0 0 0 0 0 0 0 120 0 0 0 0 0 551 0 0 0 0 0 0 0 0 298 
0 211 0 0 22 0 510 0 0 0 0 0 0 97 0 130 0 0 169 319 0 0 0 0 0 
0 0 372 313 0 81 345 0 0 0 0 608 531 0 0 0 0 364 0 0 0 0 0 0 415 
0 0 0 0 0 25 0 80 0 0 0 0 150 0 598 442 0 184 0 0 0 0 0 0 0 
0 88 53 625 0 0 0 0 0 0 0 0 0 0 17 187 0 0 0 0 298 0 415 0 0 

25
0 44 0 0 317 347 0 0 0 0 0 151 618 0 10 0 0 0 0 0 0 0 0 0 289 
44 0 74 0 0 0 0 0 314 0 379 0 478 0 0 0 0 0 0 0 0 0 0 0 0 
0 74 0 0 0 0 0 0 0 0 0 475 0 457 187 111 129 232 0 0 0 133 0 0 0 
0 0 0 0 39 0 235 0 0 0 0 0 431 284 0 382 493 0 0 351 0 0 0 0 0 
317 0 0 39 0 57 0 453 0 0 0 0 0 0 0 0 0 187 36 0 0 0 159 250 0 
347 0 0 0 57 0 0 0 0 602 566 0 0 0 0 0 0 0 252 0 0 0 0 189 0 
0 0 0 235 0 0 0 0 0 472 0 0 0 259 368 0 0 170 520 0 0 0 62 0 0 
0 0 0 0 453 0 0 0 0 0 181 0 460 0 0 0 0 503 178 0 0 582 0 0 0 
0 314 0 0 0 0 0 0 0 0 0 0 0 0 0 0 429 0 0 375 0 0 0 0 121 
0 0 0 0 0 602 472 0 0 0 565 0 617 109 0 0 297 0 0 0 0 0 0 0 0 
0 379 0 0 0 566 0 181 0 565 0 96 0 0 0 0 0 0 0 7 0 212 0 0 0 
151 0 475 0 0 0 0 0 0 0 96 0 0 0 0 0 536 0 0 49 0 424 0 0 559 
618 478 0 431 0 0 0 460 0 617 0 0 0 0 0 0 0 240 340 0 0 625 0 0 0 
0 0 457 284 0 0 259 0 0 109 0 0 0 0 0 0 0 0 0 0 0 585 240 0 0 
10 0 187 0 0 0 368 0 0 0 0 0 0 0 0 57 0 0 0 0 0 0 33 0 127 
0 0 111 382 0 0 0 0 0 0 0 0 0 0 57 0 444 0 0 0 60 0 0 0 0 
0 0 129 493 0 0 0 0 429 297 0 536 0 0 0 444 0 0 0 420 0 0 0 0 0 
0 0 232 0 187 0 170 503 0 0 0 0 240 0 0 0 0 0 0 0 0 0 0 0 0 
0 0 0 0 36 252 520 178 0 0 0 0 340 0 0 0 0 0 0 218 397 461 0 0 0 
0 0 0 351 0 0 0 0 375 0 7 49 0 0 0 0 420 0 218 0 0 0 0 0 349 
0 0 0 0 0 0 0 0 0 0 0 0 0 0 0 60 0 0 397 0 0 0 0 358 450 
0 0 133 0 0 0 0 582 0 0 212 424 625 585 0 0 0 0 461 0 0 0 0 510 0 
0 0 0 0 159 0 62 0 0 0 0 0 0 240 33 0 0 0 0 0 0 0 0 362 0 
0 0 0 0 250 189 0 0 0 0 0 0 0 0 0 0 0 0 0 0 358 510 362 0 219 
289 0 0 0 0 0 0 0 121 0 0 559 0 0 127 0 0 0 0 349 450 0 0 219 0 

25
0 0 0 0 424 329 0 0 0 213 0 4 0 580 491 0 0 380 0 0 0 618 0 0 0 
0 0 193 0 0 0 388 0 542 0 0 0 0 574 0 0 0 124 0 90 261 0 0 333 0 
0 193 0 0 0 0 0 0 37 0 0 0 154 0 0 0 297 0 334 0 293 0 0 0 0 
0 0 0 0 0 0 287 0 0 0 0 0 0 0 0 479 618 0 0 0 0 0 470 561 0 
424 0 0 0 0 509 0 0 0 145 252 0 0 0 0 0 0 304 0 0 498 0 0 0 42 
329 0 0 0 509 0 259 0 0 0 0 0 0 0 303 0 421 213 0 0 0 420 0 0 0 
0 388 0 287 0 259 0 0 0 0 412 0 0 0 0 256 0 0 225 0 0 0 0 0 0 
0 0 0 0 0 0 0 0 0 450 0 128 394 0 0 0 0 0 491 0 0 322 0 0 0 
0 542 37 0 0 0 0 0 0 0 581 49 267 0 0 0 0 95 0 0 0 0 0 0 0 
213 0 0 0 145 0 0 450 0 0 0 0 0 0 0 304 271 0 0 0 0 0 76 593 0 
0 0 0 0 252 0 412 0 581 0 0 353 0 442 0 0 0 0 0 0 0 604 0 186 266 
4 0 0 0 0 0 0 128 49 0 353 0 0 0 0 166 135 0 0 184 0 0 0 0 0 
0 0 154 0 0 0 0 394 267 0 0 0 0 0 423 0 0 0 0 455 0 0 255 0 0 
580 574 0 0 0 0 0 0 0 0 442 0 0 0 530 0 0 0 350 0 0 0 0 390 0 
491 0 0 0 0 303 0 0 0 0 0 0 423 530 0 0 0 0 0 0 0 0 0 465 0 
0 0 0 479 0 0 256 0 0 304 0 166 0 0 0 0 0 160 0 0 0 0 0 0 0 
0 0 297 618 0 421 0 0 0 271 0 135 0 0 0 0 0 0 0 0 429 0 0 0 53 
380 124 0 0 304 213 0 0 95 0 0 0 0 0 0 160 0 0 0 291 0 0 0 0 0 
0 0 334 0 0 0 225 491 0 0 0 0 0 350 0 0 0 0 0 122 0 0 114 392 0 
0 90 0 0 0 0 0 0 0 0 0 184 455 0 0 0 0 291 122 0 0 0 26 0 0 
0 261 293 0 498 0 0 0 0 0 0 0 0 0 0 0 429 0 0 0 0 0 0 0 24 
618 0 0 0 0 420 0 322 0 0 604 0 0 0 0 0 0 0 0 0 0 0 0 0 118 
0 0 0 470 0 0 0 0 0 76 0 0 255 0 0 0 0 0 114 26 0 0 0 0 204 
0 333 0 561 0 0 0 0 0 593 186 0 0 390 465 0 0 0 392 0 0 0 0 0 0 
0 0 0 0 42 0 0 0 0 0 266 0 0 0 0 0 53 0 0 0 24 118 204 0 0 

25
0 0 0 566 0 0 625 86 0 0 0 0 0 80 0 4 0 0 32 0 0 0 0 0 0 
0 0 0 0 0 0 446 0 0 289 0 0 251 0 268 0 0 0 0 0 0 0 0 75 0 
0 0 0 314 0 0 0 0 59 254 0 554 570 243 0 0 0 0 0 0 0 0 0 0 0 
566 0 314 0 0 96 0 0 550 0 0 118 0 0 0 102 0 0 0 0 0 0 0 0 0 
0 0 0 0 0 326 0 0 0 0 0 0 6 417 0 0 0 504 0 0 0 433 251 0 0 
0 0 0 96 326 0 552 0 0 0 0 0 297 0 0 0 288 0 63 611 197 0 0 0 0 
625 446 0 0 0 552 0 0 0 0 299 393 487 0 0 0 0 301 0 0 0 0 0 0 0 
86 0 0 0 0 0 0 0 0 0 72 0 0 576 0 592 555 0 119 0 0 0 0 413 0 
0 0 59 550 0 0 0 0 0 0 0 0 0 0 25 0 0 0 0 0 0 0 0 89 0 
0 289 254 0 0 0 0 0 0 0 0 0 0 0 0 0 0 0 0 452 0 353 294 0 0 
0 0 0 0 0 0 299 72 0 0 0 0 101 82 0 0 61 0 123 0 0 0 0 0 249 
0 0 554 118 0 0 393 0 0 0 0 0 0 0 187 0 0 0 0 0 0 0 0 624 0 
0 251 570 0 6 297 487 0 0 0 101 0 0 0 0 0 0 0 0 0 414 0 0 0 0 
80 0 243 0 417 0 0 576 0 0 82 0 0 0 0 0 0 0 0 517 161 0 0 0 0 
0 268 0 0 0 0 0 0 25 0 0 187 0 0 0 0 229 0 0 0 172 0 0 0 0 
4 0 0 102 0 0 0 592 0 0 0 0 0 0 0 0 0 0 0 524 185 0 0 0 0 
0 0 0 0 0 288 0 555 0 0 61 0 0 0 229 0 0 154 0 0 0 0 547 0 475 
0 0 0 0 504 0 301 0 0 0 0 0 0 0 0 0 154 0 0 0 99 0 33 548 0 
32 0 0 0 0 63 0 119 0 0 123 0 0 0 0 0 0 0 0 0 0 0 0 0 0 
0 0 0 0 0 611 0 0 0 452 0 0 0 517 0 524 0 0 0 0 0 337 0 0 522 
0 0 0 0 0 197 0 0 0 0 0 0 414 161 172 185 0 99 0 0 0 0 0 0 297 
0 0 0 0 433 0 0 0 0 353 0 0 0 0 0 0 0 0 0 337 0 0 0 526 379 
0 0 0 0 251 0 0 0 0 294 0 0 0 0 0 0 547 33 0 0 0 0 0 138 0 
0 75 0 0 0 0 0 413 89 0 0 624 0 0 0 0 0 548 0 0 0 526 138 0 229 
0 0 0 0 0 0 0 0 0 0 249 0 0 0 0 0 475 0 0 522 297 379 0 229 0 

25
0 0 0 0 0 140 0 0 0 0 70 465 0 0 0 599 0 0 70 0 0 0 0 0 0 
0 0 0 0 252 0 416 138 0 0 0 0 0 0 0 0 502 0 0 0 284 362 333 0 0 
0 0 0 0 140 229 0 0 0 461 0 0 0 0 27 0 600 0 0 0 533 314 0 0 0 
0 0 0 0 581 0 0 0 229 269 287 0 0 0 512 0 0 0 0 417 0 237 0 0 0 
0 252 140 581 0 0 0 0 0 0 439 0 606 0 0 0 0 0 0 0 441 0 0 0 0 
140 0 229 0 0 0 247 151 0 0 0 0 0 513 0 0 0 0 0 0 0 0 0 0 0 
0 416 0 0 0 247 0 0 54 93 196 0 0 489 0 0 0 0 76 0 0 0 532 0 0 
0 138 0 0 0 151 0 0 0 0 624 617 0 0 0 582 0 0 265 477 0 0 0 0 0 
0 0 0 229 0 0 54 0 0 0 0 99 0 0 0 0 0 484 424 0 0 438 0 0 483 
0 0 461 269 0 0 93 0 0 0 0 0 54 0 542 0 0 0 440 0 0 0 0 0 182 
70 0 0 287 439 0 196 624 0 0 0 0 291 298 0 0 281 0 0 0 0 0 0 0 0 
465 0 0 0 0 0 0 617 99 0 0 0 214 0 0 0 0 404 0 0 0 454 0 355 0 
0 0 0 0 606 0 0 0 0 54 291 214 0 0 0 361 577 0 0 0 116 0 0 0 149 
0 0 0 0 0 513 489 0 0 0 298 0 0 0 0 0 0 203 0 399 0 0 0 0 0 
0 0 27 512 0 0 0 0 0 542 0 0 0 0 0 0 0 0 0 199 0 0 0 0 356 
599 0 0 0 0 0 0 582 0 0 0 0 361 0 0 0 178 0 0 0 13 0 0 0 292 
0 502 600 0 0 0 0 0 0 0 281 0 577 0 0 178 0 187 0 0 0 0 0 541 0 
0 0 0 0 0 0 0 0 484 0 0 404 0 203 0 0 187 0 122 0 226 333 0 0 0 
70 0 0 0 0 0 76 265 424 440 0 0 0 0 0 0 0 122 0 0 0 0 0 0 0 
0 0 0 417 0 0 0 477 0 0 0 0 0 399 199 0 0 0 0 0 354 0 0 0 139 
0 284 533 0 441 0 0 0 0 0 0 0 116 0 0 13 0 226 0 354 0 0 0 0 0 
0 362 314 237 0 0 0 0 438 0 0 454 0 0 0 0 0 333 0 0 0 0 616 349 0 
0 333 0 0 0 0 532 0 0 0 0 0 0 0 0 0 0 0 0 0 0 616 0 0 0 
0 0 0 0 0 0 0 0 0 0 0 355 0 0 0 0 541 0 0 0 0 349 0 0 80 
0 0 0 0 0 0 0 0 483 182 0 0 149 0 356 292 0 0 0 139 0 0 0 80 0 

25
0 274 0 0 0 65 0 0 91 0 0 0 0 467 0 0 4 0 152 0 0 0 0 0 98 
274 0 0 0 0 0 0 0 0 0 0 0 568 0 619 0 242 0 492 102 0 0 0 322 0 
0 0 0 0 146 0 0 0 0 0 0 0 0 86 0 0 227 0 0 0 0 0 0 0 0 
0 0 0 0 0 0 0 0 0 0 65 443 0 0 0 14 503 300 0 0 0 0 0 183 0 
0 0 146 0 0 196 0 0 0 0 0 0 0 0 0 591 0 435 0 0 0 0 0 0 527 
65 0 0 0 196 0 482 0 0 0 391 0 0 0 0 0 0 0 0 0 0 0 0 0 151 
0 0 0 0 0 482 0 0 0 0 517 0 0 0 0 0 452 0 329 0 0 0 0 0 0 
0 0 0 0 0 0 0 0 0 0 0 0 0 71 0 0 0 284 0 250 0 263 0 0 269 
91 0 0 0 0 0 0 0 0 268 0 85 0 0 0 0 0 0 113 0 0 359 376 0 0 
0 0 0 0 0 0 0 0 268 0 569 0 503 0 0 0 0 0 531 506 99 0 0 0 0 
0 0 0 65 0 391 517 0 0 569 0 0 165 0 0 75 0 0 0 7 0 0 0 257 0 
0 0 0 443 0 0 0 0 85 0 0 0 217 11 506 0 0 0 0 0 0 618 0 0 0 
0 568 0 0 0 0 0 0 0 503 165 217 0 284 277 0 0 0 0 0 0 0 0 0 0 
467 0 86 0 0 0 0 71 0 0 0 11 284 0 0 0 0 0 0 0 0 0 0 479 131 
0 619 0 0 0 0 0 0 0 0 0 506 277 0 0 483 0 0 0 0 581 486 0 0 0 
0 0 0 14 591 0 0 0 0 0 75 0 0 0 483 0 0 38 0 0 345 111 0 0 0 
4 242 227 503 0 0 452 0 0 0 0 0 0 0 0 0 0 0 0 0 532 0 0 0 0 
0 0 0 300 435 0 0 284 0 0 0 0 0 0 0 38 0 0 0 0 412 0 0 0 0 
152 492 0 0 0 0 329 0 113 531 0 0 0 0 0 0 0 0 0 0 0 0 0 470 42 
0 102 0 0 0 0 0 250 0 506 7 0 0 0 0 0 0 0 0 0 204 0 0 211 172 
0 0 0 0 0 0 0 0 0 99 0 0 0 0 581 345 532 412 0 204 0 0 0 0 0 
0 0 0 0 0 0 0 263 359 0 0 618 0 0 486 111 0 0 0 0 0 0 79 28 0 
0 0 0 0 0 0 0 0 376 0 0 0 0 0 0 0 0 0 0 0 0 79 0 0 0 
0 322 0 183 0 0 0 0 0 0 257 0 0 479 0 0 0 0 470 211 0 28 0 0 0 
98 0 0 0 527 151 0 269 0 0 0 0 0 131 0 0 0 0 42 172 0 0 0 0 0 

25
0 0 89 0 0 0 0 0 0 0 0 0 0 443 0 0 0 0 0 0 560 576 264 0 0 
0 0 0 0 0 239 0 0 0 0 0 610 439 0 426 0 0 0 0 0 0 0 0 411 0 
89 0 0 135 291 0 103 0 0 24 447 0 0 0 0 0 0 0 0 9 0 322 0 0 0 
0 0 135 0 0 0 0 0 157 0 519 180 588 0 0 564 0 0 0 0 0 226 0 0 0 
0 0 291 0 0 0 0 0 0 202 0 0 493 223 0 514 0 571 0 541 0 0 0 0 0 
0 239 0 0 0 0 75 0 618 0 0 89 0 0 35 0 0 0 568 0 115 0 0 0 0 
0 0 103 0 0 75 0 377 0 0 0 0 0 0 0 0 0 0 0 603 507 265 0 0 547 
0 0 0 0 0 0 377 0 0 0 0 0 0 0 0 337 159 63 0 0 138 0 0 564 0 
0 0 0 157 0 618 0 0 0 529 0 0 0 0 0 564 0 0 0 0 0 0 152 0 0 
0 0 24 0 202 0 0 0 529 0 0 0 529 0 432 574 204 0 0 0 0 0 0 0 183 
0 0 447 519 0 0 0 0 0 0 0 0 0 481 0 0 560 0 0 0 0 0 623 0 136 
0 610 0 180 0 89 0 0 0 0 0 0 0 535 0 0 0 0 132 0 0 544 0 0 0 
0 439 0 588 493 0 0 0 0 529 0 0 0 0 140 69 0 0 126 0 0 0 0 0 73 
443 0 0 0 223 0 0 0 0 0 481 535 0 0 0 0 386 0 0 0 0 0 408 0 0 
0 426 0 0 0 35 0 0 0 432 0 0 140 0 0 0 0 336 0 0 462 0 0 278 0 
0 0 0 564 514 0 0 337 564 574 0 0 69 0 0 0 0 0 0 0 0 0 0 0 0 
0 0 0 0 0 0 0 159 0 204 560 0 0 386 0 0 0 0 366 0 0 0 403 518 0 
0 0 0 0 571 0 0 63 0 0 0 0 0 0 336 0 0 0 0 0 0 587 0 0 399 
0 0 0 0 0 568 0 0 0 0 0 132 126 0 0 0 366 0 0 0 0 0 0 0 0 
0 0 9 0 541 0 603 0 0 0 0 0 0 0 0 0 0 0 0 0 0 468 519 0 0 
560 0 0 0 0 115 507 138 0 0 0 0 0 0 462 0 0 0 0 0 0 0 0 0 525 
576 0 322 226 0 0 265 0 0 0 0 544 0 0 0 0 0 587 0 468 0 0 200 0 0 
264 0 0 0 0 0 0 0 152 0 623 0 0 408 0 0 403 0 0 519 0 200 0 0 0 
0 411 0 0 0 0 0 564 0 0 0 0 0 0 278 0 518 0 0 0 0 0 0 0 0 
0 0 0 0 0 0 547 0 0 183 136 0 73 0 0 0 0 399 0 0 525 0 0 0 0 

25
0 0 0 46 0 0 0 0 0 85 0 566 70 0 0 0 0 0 329 0 0 0 0 0 509 
0 0 0 570 0 0 0 0 0 335 540 0 0 0 0 0 0 478 0 0 0 611 310 0 0 
0 0 0 0 533 191 269 0 0 0 0 0 0 0 0 0 459 213 170 0 0 623 0 0 444 
46 570 0 0 0 0 487 0 0 0 0 0 0 0 530 0 0 0 0 0 0 0 0 546 193 
0 0 533 0 0 0 0 295 0 0 0 357 405 0 0 0 0 0 0 0 0 612 0 580 0 
0 0 191 0 0 0 0 192 0 0 0 475 0 0 0 0 0 391 0 0 0 0 210 408 0 
0 0 269 487 0 0 0 0 0 0 0 0 0 0 503 0 70 335 0 411 48 395 0 0 0 
0 0 0 0 295 192 0 0 0 0 229 90 0 0 533 0 0 0 99 0 0 0 325 0 0 
0 0 0 0 0 0 0 0 0 542 0 0 464 258 0 0 0 272 0 35 352 0 0 94 0 
85 335 0 0 0 0 0 0 542 0 0 0 0 267 570 0 0 0 0 0 0 173 11 0 0 
